0.050711, 0.051561, 0.053265, 0.055831, 0.059271, 0.063598, 0.068831, 0.074990, 0.082096, 0.090174, 0.099247, 0.109338, 0.120469, 0.132660, 0.145929, 0.160287, 0.175743, 0.192299, 0.209948, 0.228678, 0.248464, 0.269277, 0.291072, 0.313798, 0.337389, 0.361771, 0.386854, 0.412540, 0.438717, 0.465263, 0.492046, 0.518924, 0.545746, 0.572354, 0.598585, 0.624269, 0.649237, 0.673318, 0.696338, 0.718133, 0.738539, 0.757400, 0.774570, 0.789913, 0.803306, 0.814640, 0.823823, 0.830778, 0.835448, 0.837793, 0.837793, 0.835448, 0.830779, 0.823823, 0.814641, 0.803307, 0.789914, 0.774571, 0.757401, 0.738540, 0.718134, 0.696340, 0.673319, 0.649239, 0.624271, 0.598586, 0.572356, 0.545748, 0.518926, 0.492048, 0.465265, 0.438718, 0.412541, 0.386856, 0.361772, 0.337391, 0.313799, 0.291074, 0.269278, 0.248466, 0.228679, 0.209949, 0.192300, 0.175744, 0.160288, 0.145929, 0.132661, 0.120470, 0.109338, 0.099248, 0.090175, 0.082097, 0.074990, 0.068831, 0.063598, 0.059271, 0.055832, 0.053266, 0.051561, 0.050711
0.047928, 0.048731, 0.050342, 0.052767, 0.056017, 0.060107, 0.065052, 0.070873, 0.077590, 0.085224, 0.093798, 0.103335, 0.113855, 0.125377, 0.137917, 0.151487, 0.166094, 0.181740, 0.198421, 0.216121, 0.234821, 0.254491, 0.275090, 0.296568, 0.318864, 0.341906, 0.365612, 0.389888, 0.414627, 0.439715, 0.465027, 0.490429, 0.515778, 0.540925, 0.565715, 0.589989, 0.613586, 0.636343, 0.658100, 0.678698, 0.697983, 0.715808, 0.732036, 0.746536, 0.759194, 0.769906, 0.778584, 0.785157, 0.789570, 0.791786, 0.791786, 0.789570, 0.785158, 0.778585, 0.769906, 0.759194, 0.746537, 0.732036, 0.715809, 0.697984, 0.678699, 0.658102, 0.636345, 0.613587, 0.589990, 0.565716, 0.540927, 0.515780, 0.490431, 0.465029, 0.439717, 0.414628, 0.389889, 0.365614, 0.341908, 0.318865, 0.296569, 0.275091, 0.254492, 0.234823, 0.216122, 0.198422, 0.181741, 0.166095, 0.151488, 0.137918, 0.125378, 0.113856, 0.103336, 0.093799, 0.085224, 0.077590, 0.070873, 0.065053, 0.060107, 0.056017, 0.052767, 0.050342, 0.048731, 0.047928
0.045140, 0.045896, 0.047413, 0.049697, 0.052758, 0.056610, 0.061268, 0.066750, 0.073076, 0.080266, 0.088342, 0.097323, 0.107231, 0.118083, 0.129893, 0.142673, 0.156430, 0.171166, 0.186875, 0.203546, 0.221158, 0.239683, 0.259083, 0.279312, 0.300310, 0.322012, 0.344338, 0.367201, 0.390500, 0.414129, 0.437968, 0.461891, 0.485765, 0.509449, 0.532796, 0.555658, 0.577881, 0.599315, 0.619805, 0.639204, 0.657367, 0.674155, 0.689437, 0.703094, 0.715015, 0.725104, 0.733277, 0.739467, 0.743623, 0.745710, 0.745710, 0.743624, 0.739468, 0.733277, 0.725104, 0.715016, 0.703095, 0.689438, 0.674156, 0.657368, 0.639205, 0.619807, 0.599316, 0.577883, 0.555659, 0.532797, 0.509450, 0.485767, 0.461893, 0.437969, 0.414130, 0.390502, 0.367202, 0.344340, 0.322013, 0.300311, 0.279313, 0.259084, 0.239684, 0.221159, 0.203547, 0.186876, 0.171167, 0.156431, 0.142674, 0.129893, 0.118083, 0.107232, 0.097324, 0.088342, 0.080266, 0.073076, 0.066750, 0.061268, 0.056610, 0.052759, 0.049697, 0.047413, 0.045896, 0.045140
0.042366, 0.043077, 0.044500, 0.046644, 0.049517, 0.053132, 0.057504, 0.062649, 0.068586, 0.075334, 0.082913, 0.091343, 0.100642, 0.110827, 0.121911, 0.133906, 0.146817, 0.160647, 0.175391, 0.191037, 0.207567, 0.224953, 0.243161, 0.262146, 0.281855, 0.302223, 0.323177, 0.344634, 0.366502, 0.388678, 0.411052, 0.433505, 0.455911, 0.478139, 0.500051, 0.521508, 0.542366, 0.562482, 0.581713, 0.599920, 0.616966, 0.632722, 0.647065, 0.659882, 0.671071, 0.680539, 0.688210, 0.694020, 0.697921, 0.699879, 0.699879, 0.697921, 0.694020, 0.688211, 0.680540, 0.671071, 0.659883, 0.647066, 0.632723, 0.616967, 0.599921, 0.581714, 0.562483, 0.542367, 0.521509, 0.500053, 0.478140, 0.455913, 0.433506, 0.411053, 0.388679, 0.366503, 0.344635, 0.323178, 0.302224, 0.281856, 0.262148, 0.243162, 0.224954, 0.207568, 0.191038, 0.175392, 0.160648, 0.146818, 0.133906, 0.121912, 0.110827, 0.100643, 0.091344, 0.082914, 0.075334, 0.068586, 0.062649, 0.057504, 0.053132, 0.049517, 0.046644, 0.044500, 0.043077, 0.042366
0.039625, 0.040290, 0.041621, 0.043626, 0.046313, 0.049694, 0.053783, 0.058595, 0.064148, 0.070460, 0.077549, 0.085433, 0.094130, 0.103656, 0.114023, 0.125241, 0.137317, 0.150252, 0.164041, 0.178674, 0.194134, 0.210396, 0.227425, 0.245182, 0.263615, 0.282665, 0.302263, 0.322332, 0.342784, 0.363525, 0.384451, 0.405451, 0.426407, 0.447196, 0.467690, 0.487758, 0.507266, 0.526080, 0.544067, 0.561095, 0.577038, 0.591774, 0.605189, 0.617177, 0.627641, 0.636496, 0.643671, 0.649105, 0.652753, 0.654585, 0.654585, 0.652753, 0.649105, 0.643671, 0.636497, 0.627641, 0.617177, 0.605190, 0.591775, 0.577039, 0.561096, 0.544068, 0.526081, 0.507267, 0.487759, 0.467692, 0.447197, 0.426408, 0.405452, 0.384452, 0.363526, 0.342785, 0.322333, 0.302264, 0.282666, 0.263616, 0.245183, 0.227427, 0.210397, 0.194135, 0.178675, 0.164042, 0.150252, 0.137318, 0.125242, 0.114023, 0.103656, 0.094131, 0.085434, 0.077549, 0.070460, 0.064148, 0.058596, 0.053783, 0.049695, 0.046313, 0.043626, 0.041621, 0.040290, 0.039625
0.036933, 0.037552, 0.038793, 0.040662, 0.043166, 0.046318, 0.050129, 0.054614, 0.059789, 0.065672, 0.072279, 0.079628, 0.087734, 0.096612, 0.106274, 0.116730, 0.127985, 0.140041, 0.152893, 0.166531, 0.180940, 0.196097, 0.211969, 0.228519, 0.245699, 0.263455, 0.281721, 0.300426, 0.319488, 0.338819, 0.358323, 0.377895, 0.397427, 0.416803, 0.435905, 0.454608, 0.472790, 0.490325, 0.507090, 0.522960, 0.537820, 0.551555, 0.564058, 0.575231, 0.584983, 0.593237, 0.599924, 0.604989, 0.608389, 0.610096, 0.610096, 0.608389, 0.604989, 0.599924, 0.593238, 0.584984, 0.575231, 0.564058, 0.551555, 0.537821, 0.522961, 0.507091, 0.490327, 0.472791, 0.454609, 0.435906, 0.416805, 0.397428, 0.377897, 0.358324, 0.338820, 0.319489, 0.300427, 0.281722, 0.263456, 0.245700, 0.228520, 0.211970, 0.196098, 0.180941, 0.166532, 0.152894, 0.140042, 0.127986, 0.116731, 0.106275, 0.096612, 0.087734, 0.079628, 0.072280, 0.065672, 0.059790, 0.054614, 0.050129, 0.046318, 0.043167, 0.040662, 0.038793, 0.037552, 0.036933
0.034304, 0.034879, 0.036032, 0.037767, 0.040094, 0.043021, 0.046560, 0.050726, 0.055533, 0.060997, 0.067134, 0.073959, 0.081488, 0.089734, 0.098708, 0.108420, 0.118874, 0.130071, 0.142007, 0.154675, 0.168058, 0.182135, 0.196877, 0.212249, 0.228206, 0.244697, 0.261663, 0.279036, 0.296741, 0.314696, 0.332811, 0.350990, 0.369131, 0.387127, 0.404868, 0.422240, 0.439127, 0.455414, 0.470984, 0.485725, 0.499527, 0.512283, 0.523896, 0.534273, 0.543332, 0.550998, 0.557208, 0.561912, 0.565071, 0.566656, 0.566656, 0.565071, 0.561913, 0.557209, 0.550998, 0.543332, 0.534274, 0.523897, 0.512284, 0.499527, 0.485726, 0.470985, 0.455415, 0.439129, 0.422241, 0.404869, 0.387128, 0.369132, 0.350991, 0.332812, 0.314697, 0.296742, 0.279037, 0.261664, 0.244698, 0.228207, 0.212250, 0.196878, 0.182136, 0.168059, 0.154676, 0.142008, 0.130071, 0.118874, 0.108421, 0.098709, 0.089735, 0.081488, 0.073959, 0.067134, 0.060997, 0.055533, 0.050726, 0.046560, 0.043021, 0.040094, 0.037768, 0.036032, 0.034879, 0.034304
0.031752, 0.032284, 0.033351, 0.034957, 0.037110, 0.039820, 0.043096, 0.046952, 0.051401, 0.056458, 0.062138, 0.068455, 0.075424, 0.083056, 0.091363, 0.100352, 0.110027, 0.120391, 0.131439, 0.143164, 0.155550, 0.168580, 0.182224, 0.196452, 0.211222, 0.226485, 0.242188, 0.258269, 0.274656, 0.291275, 0.308041, 0.324867, 0.341658, 0.358315, 0.374736, 0.390815, 0.406445, 0.421519, 0.435931, 0.449575, 0.462349, 0.474156, 0.484904, 0.494509, 0.502893, 0.509989, 0.515737, 0.520091, 0.523014, 0.524482, 0.524482, 0.523014, 0.520091, 0.515737, 0.509989, 0.502894, 0.494510, 0.484905, 0.474156, 0.462349, 0.449575, 0.435932, 0.421520, 0.406446, 0.390816, 0.374737, 0.358316, 0.341659, 0.324868, 0.308042, 0.291276, 0.274657, 0.258270, 0.242189, 0.226486, 0.211222, 0.196453, 0.182225, 0.168580, 0.155551, 0.143164, 0.131440, 0.120392, 0.110028, 0.100352, 0.091363, 0.083057, 0.075424, 0.068456, 0.062138, 0.056458, 0.051401, 0.046952, 0.043096, 0.039820, 0.037111, 0.034957, 0.033351, 0.032284, 0.031752
0.029287, 0.029778, 0.030762, 0.032244, 0.034230, 0.036729, 0.039750, 0.043307, 0.047411, 0.052075, 0.057314, 0.063141, 0.069569, 0.076609, 0.084270, 0.092561, 0.101486, 0.111045, 0.121235, 0.132049, 0.143474, 0.155492, 0.168077, 0.181200, 0.194823, 0.208901, 0.223385, 0.238217, 0.253332, 0.268661, 0.284126, 0.299646, 0.315133, 0.330496, 0.345642, 0.360473, 0.374889, 0.388793, 0.402086, 0.414670, 0.426452, 0.437343, 0.447257, 0.456116, 0.463849, 0.470393, 0.475695, 0.479711, 0.482407, 0.483761, 0.483761, 0.482407, 0.479711, 0.475696, 0.470394, 0.463849, 0.456116, 0.447257, 0.437343, 0.426453, 0.414671, 0.402087, 0.388794, 0.374890, 0.360474, 0.345643, 0.330497, 0.315134, 0.299647, 0.284127, 0.268662, 0.253333, 0.238218, 0.223386, 0.208902, 0.194823, 0.181200, 0.168078, 0.155492, 0.143475, 0.132050, 0.121236, 0.111046, 0.101486, 0.092562, 0.084271, 0.076609, 0.069569, 0.063142, 0.057315, 0.052076, 0.047411, 0.043307, 0.039751, 0.036729, 0.034230, 0.032244, 0.030762, 0.029778, 0.029287
0.026920, 0.027371, 0.028276, 0.029638, 0.031463, 0.033760, 0.036538, 0.039807, 0.043579, 0.047866, 0.052682, 0.058038, 0.063946, 0.070417, 0.077459, 0.085080, 0.093283, 0.102069, 0.111436, 0.121376, 0.131877, 0.142923, 0.154490, 0.166552, 0.179073, 0.192014, 0.205327, 0.218960, 0.232854, 0.246943, 0.261158, 0.275423, 0.289658, 0.303780, 0.317701, 0.331333, 0.344584, 0.357364, 0.369582, 0.381149, 0.391979, 0.401989, 0.411101, 0.419244, 0.426352, 0.432367, 0.437241, 0.440932, 0.443410, 0.444654, 0.444654, 0.443410, 0.440932, 0.437241, 0.432368, 0.426352, 0.419244, 0.411102, 0.401989, 0.391979, 0.381150, 0.369583, 0.357365, 0.344585, 0.331334, 0.317702, 0.303781, 0.289659, 0.275424, 0.261159, 0.246944, 0.232855, 0.218961, 0.205328, 0.192015, 0.179074, 0.166553, 0.154491, 0.142923, 0.131877, 0.121376, 0.111436, 0.102070, 0.093283, 0.085080, 0.077459, 0.070417, 0.063946, 0.058038, 0.052682, 0.047867, 0.043579, 0.039807, 0.036538, 0.033760, 0.031463, 0.029638, 0.028276, 0.027371, 0.026920
0.024659, 0.025072, 0.025901, 0.027148, 0.028820, 0.030924, 0.033468, 0.036463, 0.039918, 0.043845, 0.048256, 0.053162, 0.058574, 0.064501, 0.070951, 0.077932, 0.085446, 0.093494, 0.102073, 0.111178, 0.120797, 0.130915, 0.141510, 0.152558, 0.164027, 0.175881, 0.188075, 0.200562, 0.213289, 0.226194, 0.239215, 0.252282, 0.265321, 0.278256, 0.291008, 0.303494, 0.315632, 0.327338, 0.338529, 0.349124, 0.359044, 0.368213, 0.376559, 0.384018, 0.390529, 0.396039, 0.400503, 0.403884, 0.406154, 0.407293, 0.407293, 0.406154, 0.403884, 0.400503, 0.396039, 0.390529, 0.384019, 0.376560, 0.368213, 0.359045, 0.349125, 0.338530, 0.327339, 0.315633, 0.303495, 0.291009, 0.278257, 0.265322, 0.252283, 0.239216, 0.226195, 0.213290, 0.200563, 0.188076, 0.175881, 0.164028, 0.152559, 0.141511, 0.130915, 0.120798, 0.111179, 0.102074, 0.093494, 0.085446, 0.077932, 0.070952, 0.064501, 0.058574, 0.053162, 0.048256, 0.043845, 0.039918, 0.036463, 0.033468, 0.030924, 0.028820, 0.027148, 0.025901, 0.025072, 0.024659
0.022509, 0.022886, 0.023643, 0.024782, 0.026308, 0.028228, 0.030551, 0.033284, 0.036438, 0.040023, 0.044049, 0.048528, 0.053467, 0.058878, 0.064766, 0.071138, 0.077996, 0.085343, 0.093174, 0.101485, 0.110266, 0.119501, 0.129173, 0.139257, 0.149726, 0.160546, 0.171677, 0.183076, 0.194692, 0.206473, 0.218358, 0.230286, 0.242188, 0.253996, 0.265636, 0.277033, 0.288113, 0.298798, 0.309014, 0.318685, 0.327740, 0.336109, 0.343728, 0.350536, 0.356479, 0.361509, 0.365584, 0.368670, 0.370742, 0.371782, 0.371782, 0.370742, 0.368670, 0.365584, 0.361509, 0.356480, 0.350537, 0.343729, 0.336110, 0.327740, 0.318686, 0.309014, 0.298799, 0.288114, 0.277034, 0.265636, 0.253996, 0.242189, 0.230286, 0.218359, 0.206474, 0.194693, 0.183076, 0.171678, 0.160547, 0.149727, 0.139258, 0.129173, 0.119502, 0.110266, 0.101486, 0.093175, 0.085343, 0.077997, 0.071138, 0.064766, 0.058878, 0.053468, 0.048528, 0.044050, 0.040023, 0.036438, 0.033284, 0.030551, 0.028228, 0.026308, 0.024782, 0.023643, 0.022887, 0.022509
0.020476, 0.020819, 0.021507, 0.022543, 0.023932, 0.025679, 0.027791, 0.030278, 0.033147, 0.036408, 0.040071, 0.044145, 0.048638, 0.053560, 0.058916, 0.064712, 0.070951, 0.077634, 0.084758, 0.092319, 0.100306, 0.108707, 0.117505, 0.126679, 0.136202, 0.146044, 0.156169, 0.166538, 0.177105, 0.187821, 0.198633, 0.209483, 0.220311, 0.231052, 0.241640, 0.252008, 0.262087, 0.271807, 0.281100, 0.289898, 0.298134, 0.305748, 0.312679, 0.318872, 0.324278, 0.328853, 0.332560, 0.335367, 0.337252, 0.338198, 0.338198, 0.337252, 0.335367, 0.332560, 0.328853, 0.324278, 0.318872, 0.312679, 0.305748, 0.298135, 0.289898, 0.281101, 0.271808, 0.262088, 0.252009, 0.241641, 0.231052, 0.220311, 0.209484, 0.198634, 0.187822, 0.177106, 0.166539, 0.156170, 0.146045, 0.136202, 0.126679, 0.117506, 0.108707, 0.100306, 0.092319, 0.084759, 0.077635, 0.070952, 0.064713, 0.058916, 0.053560, 0.048638, 0.044145, 0.040071, 0.036408, 0.033147, 0.030278, 0.027792, 0.025679, 0.023932, 0.022543, 0.021508, 0.020820, 0.020476
0.018563, 0.018874, 0.019498, 0.020437, 0.021696, 0.023280, 0.025195, 0.027449, 0.030050, 0.033006, 0.036327, 0.040020, 0.044093, 0.048555, 0.053411, 0.058666, 0.064322, 0.070380, 0.076838, 0.083692, 0.090933, 0.098549, 0.106525, 0.114841, 0.123474, 0.132397, 0.141576, 0.150975, 0.160555, 0.170269, 0.180071, 0.189906, 0.199722, 0.209460, 0.219059, 0.228458, 0.237595, 0.246407, 0.254831, 0.262807, 0.270274, 0.277176, 0.283459, 0.289073, 0.293974, 0.298122, 0.301482, 0.304027, 0.305736, 0.306594, 0.306594, 0.305736, 0.304027, 0.301482, 0.298122, 0.293975, 0.289074, 0.283459, 0.277176, 0.270274, 0.262807, 0.254832, 0.246407, 0.237595, 0.228458, 0.219059, 0.209460, 0.199723, 0.189907, 0.180071, 0.170270, 0.160555, 0.150976, 0.141576, 0.132397, 0.123475, 0.114842, 0.106525, 0.098549, 0.090933, 0.083692, 0.076839, 0.070380, 0.064322, 0.058666, 0.053411, 0.048555, 0.044094, 0.040020, 0.036327, 0.033006, 0.030050, 0.027449, 0.025195, 0.023280, 0.021696, 0.020437, 0.019498, 0.018874, 0.018563
0.016771, 0.017053, 0.017616, 0.018465, 0.019602, 0.021033, 0.022763, 0.024799, 0.027149, 0.029820, 0.032820, 0.036157, 0.039837, 0.043868, 0.048255, 0.053003, 0.058113, 0.063586, 0.069421, 0.075613, 0.082155, 0.089036, 0.096242, 0.103755, 0.111555, 0.119616, 0.127909, 0.136401, 0.145056, 0.153833, 0.162688, 0.171574, 0.180442, 0.189239, 0.197911, 0.206403, 0.214658, 0.222620, 0.230231, 0.237436, 0.244183, 0.250419, 0.256095, 0.261168, 0.265596, 0.269343, 0.272379, 0.274678, 0.276222, 0.276997, 0.276997, 0.276222, 0.274678, 0.272379, 0.269343, 0.265596, 0.261168, 0.256096, 0.250419, 0.244183, 0.237437, 0.230231, 0.222620, 0.214659, 0.206404, 0.197912, 0.189240, 0.180442, 0.171574, 0.162688, 0.153833, 0.145056, 0.136402, 0.127910, 0.119617, 0.111556, 0.103756, 0.096242, 0.089036, 0.082156, 0.075614, 0.069422, 0.063587, 0.058113, 0.053003, 0.048256, 0.043869, 0.039838, 0.036157, 0.032821, 0.029821, 0.027150, 0.024800, 0.022763, 0.021033, 0.019602, 0.018465, 0.017616, 0.017053, 0.016771
0.015102, 0.015355, 0.015862, 0.016626, 0.017650, 0.018939, 0.020497, 0.022330, 0.024446, 0.026851, 0.029553, 0.032557, 0.035871, 0.039501, 0.043451, 0.047725, 0.052327, 0.057255, 0.062509, 0.068085, 0.073975, 0.080171, 0.086659, 0.093424, 0.100448, 0.107706, 0.115173, 0.122820, 0.130612, 0.138515, 0.146488, 0.154489, 0.162474, 0.170395, 0.178204, 0.185850, 0.193283, 0.200451, 0.207305, 0.213793, 0.219868, 0.225483, 0.230594, 0.235161, 0.239148, 0.242522, 0.245256, 0.247326, 0.248716, 0.249414, 0.249414, 0.248716, 0.247327, 0.245256, 0.242523, 0.239149, 0.235162, 0.230594, 0.225483, 0.219868, 0.213793, 0.207305, 0.200452, 0.193283, 0.185851, 0.178204, 0.170396, 0.162475, 0.154490, 0.146488, 0.138515, 0.130613, 0.122820, 0.115173, 0.107706, 0.100448, 0.093425, 0.086659, 0.080171, 0.073975, 0.068085, 0.062509, 0.057256, 0.052327, 0.047726, 0.043451, 0.039501, 0.035871, 0.032557, 0.029553, 0.026852, 0.024446, 0.022331, 0.020497, 0.018939, 0.017650, 0.016626, 0.015862, 0.015355, 0.015102
0.013553, 0.013780, 0.014236, 0.014921, 0.015840, 0.016997, 0.018395, 0.020040, 0.021939, 0.024098, 0.026522, 0.029218, 0.032192, 0.035450, 0.038995, 0.042831, 0.046961, 0.051384, 0.056099, 0.061102, 0.066389, 0.071949, 0.077772, 0.083843, 0.090146, 0.096660, 0.103361, 0.110224, 0.117217, 0.124309, 0.131464, 0.138645, 0.145811, 0.152919, 0.159927, 0.166789, 0.173460, 0.179893, 0.186043, 0.191866, 0.197317, 0.202356, 0.206944, 0.211043, 0.214621, 0.217649, 0.220102, 0.221960, 0.223207, 0.223834, 0.223834, 0.223207, 0.221960, 0.220102, 0.217649, 0.214621, 0.211043, 0.206944, 0.202357, 0.197318, 0.191866, 0.186043, 0.179893, 0.173460, 0.166789, 0.159927, 0.152920, 0.145811, 0.138645, 0.131465, 0.124310, 0.117217, 0.110224, 0.103362, 0.096660, 0.090147, 0.083844, 0.077772, 0.071949, 0.066389, 0.061103, 0.056099, 0.051384, 0.046961, 0.042831, 0.038995, 0.035450, 0.032193, 0.029218, 0.026522, 0.024098, 0.021940, 0.020041, 0.018395, 0.016997, 0.015840, 0.014921, 0.014236, 0.013780, 0.013553
0.012124, 0.012327, 0.012734, 0.013348, 0.014170, 0.015204, 0.016455, 0.017927, 0.019626, 0.021557, 0.023725, 0.026137, 0.028797, 0.031711, 0.034882, 0.038314, 0.042008, 0.045965, 0.050182, 0.054658, 0.059387, 0.064361, 0.069570, 0.075001, 0.080639, 0.086466, 0.092460, 0.098599, 0.104855, 0.111199, 0.117599, 0.124023, 0.130432, 0.136791, 0.143060, 0.149198, 0.155165, 0.160920, 0.166421, 0.171630, 0.176506, 0.181013, 0.185117, 0.188783, 0.191984, 0.194693, 0.196887, 0.198549, 0.199665, 0.200225, 0.200225, 0.199665, 0.198549, 0.196887, 0.194693, 0.191984, 0.188784, 0.185117, 0.181014, 0.176506, 0.171630, 0.166421, 0.160920, 0.155165, 0.149198, 0.143060, 0.136792, 0.130433, 0.124023, 0.117600, 0.111199, 0.104855, 0.098599, 0.092461, 0.086466, 0.080639, 0.075001, 0.069570, 0.064361, 0.059387, 0.054659, 0.050183, 0.045965, 0.042008, 0.038314, 0.034883, 0.031711, 0.028798, 0.026137, 0.023725, 0.021557, 0.019626, 0.017927, 0.016455, 0.015204, 0.014170, 0.013348, 0.012734, 0.012327, 0.012124
0.010811, 0.010993, 0.011356, 0.011903, 0.012636, 0.013558, 0.014674, 0.015986, 0.017501, 0.019223, 0.021156, 0.023307, 0.025680, 0.028278, 0.031106, 0.034166, 0.037460, 0.040988, 0.044749, 0.048741, 0.052957, 0.057392, 0.062037, 0.066880, 0.071908, 0.077104, 0.082449, 0.087923, 0.093502, 0.099159, 0.104867, 0.110594, 0.116310, 0.121980, 0.127570, 0.133044, 0.138364, 0.143496, 0.148402, 0.153046, 0.157395, 0.161414, 0.165073, 0.168343, 0.171197, 0.173612, 0.175569, 0.177051, 0.178046, 0.178546, 0.178546, 0.178046, 0.177051, 0.175569, 0.173612, 0.171197, 0.168343, 0.165073, 0.161414, 0.157395, 0.153047, 0.148402, 0.143496, 0.138365, 0.133044, 0.127571, 0.121981, 0.116310, 0.110595, 0.104867, 0.099159, 0.093502, 0.087924, 0.082450, 0.077104, 0.071908, 0.066881, 0.062038, 0.057393, 0.052957, 0.048741, 0.044749, 0.040988, 0.037460, 0.034166, 0.031106, 0.028278, 0.025680, 0.023307, 0.021157, 0.019223, 0.017501, 0.015986, 0.014674, 0.013558, 0.012636, 0.011903, 0.011356, 0.010993, 0.010811
0.009612, 0.009773, 0.010096, 0.010582, 0.011234, 0.012054, 0.013046, 0.014213, 0.015560, 0.017090, 0.018810, 0.020722, 0.022831, 0.025141, 0.027655, 0.030376, 0.033304, 0.036441, 0.039785, 0.043333, 0.047082, 0.051026, 0.055155, 0.059461, 0.063931, 0.068550, 0.073303, 0.078169, 0.083129, 0.088158, 0.093233, 0.098325, 0.103407, 0.108448, 0.113417, 0.118284, 0.123014, 0.127576, 0.131938, 0.136067, 0.139933, 0.143506, 0.146759, 0.149666, 0.152204, 0.154351, 0.156091, 0.157408, 0.158293, 0.158737, 0.158737, 0.158293, 0.157408, 0.156091, 0.154351, 0.152204, 0.149666, 0.146759, 0.143507, 0.139933, 0.136067, 0.131938, 0.127576, 0.123014, 0.118284, 0.113418, 0.108448, 0.103407, 0.098325, 0.093233, 0.088159, 0.083129, 0.078169, 0.073303, 0.068550, 0.063931, 0.059461, 0.055155, 0.051026, 0.047083, 0.043334, 0.039785, 0.036441, 0.033304, 0.030376, 0.027655, 0.025141, 0.022831, 0.020722, 0.018810, 0.017090, 0.015560, 0.014213, 0.013046, 0.012054, 0.011234, 0.010582, 0.010096, 0.009773, 0.009612
0.008522, 0.008665, 0.008951, 0.009382, 0.009960, 0.010687, 0.011566, 0.012601, 0.013795, 0.015152, 0.016676, 0.018372, 0.020242, 0.022290, 0.024519, 0.026931, 0.029527, 0.032308, 0.035273, 0.038419, 0.041742, 0.045238, 0.048900, 0.052717, 0.056680, 0.060775, 0.064989, 0.069303, 0.073701, 0.078160, 0.082658, 0.087173, 0.091679, 0.096148, 0.100554, 0.104868, 0.109062, 0.113107, 0.116974, 0.120634, 0.124062, 0.127230, 0.130114, 0.132691, 0.134941, 0.136845, 0.138387, 0.139555, 0.140339, 0.140733, 0.140733, 0.140339, 0.139555, 0.138387, 0.136845, 0.134941, 0.132691, 0.130114, 0.127230, 0.124062, 0.120635, 0.116974, 0.113107, 0.109062, 0.104868, 0.100554, 0.096148, 0.091679, 0.087173, 0.082659, 0.078160, 0.073701, 0.069304, 0.064989, 0.060776, 0.056680, 0.052717, 0.048900, 0.045239, 0.041743, 0.038419, 0.035273, 0.032308, 0.029527, 0.026931, 0.024519, 0.022290, 0.020242, 0.018372, 0.016676, 0.015152, 0.013795, 0.012601, 0.011566, 0.010687, 0.009960, 0.009382, 0.008951, 0.008665, 0.008522
0.007537, 0.007663, 0.007916, 0.008297, 0.008808, 0.009451, 0.010229, 0.011144, 0.012200, 0.013400, 0.014748, 0.016247, 0.017901, 0.019712, 0.021684, 0.023817, 0.026113, 0.028572, 0.031194, 0.033976, 0.036916, 0.040008, 0.043245, 0.046621, 0.050126, 0.053748, 0.057474, 0.061290, 0.065178, 0.069122, 0.073100, 0.077093, 0.081077, 0.085030, 0.088927, 0.092742, 0.096451, 0.100028, 0.103448, 0.106685, 0.109716, 0.112518, 0.115068, 0.117348, 0.119337, 0.121021, 0.122385, 0.123418, 0.124111, 0.124460, 0.124460, 0.124111, 0.123418, 0.122385, 0.121021, 0.119337, 0.117348, 0.115069, 0.112518, 0.109716, 0.106685, 0.103448, 0.100028, 0.096451, 0.092742, 0.088927, 0.085030, 0.081078, 0.077093, 0.073101, 0.069122, 0.065179, 0.061290, 0.057474, 0.053748, 0.050126, 0.046622, 0.043246, 0.040008, 0.036916, 0.033977, 0.031194, 0.028572, 0.026113, 0.023817, 0.021684, 0.019712, 0.017901, 0.016247, 0.014748, 0.013400, 0.012200, 0.011144, 0.010229, 0.009451, 0.008808, 0.008297, 0.007916, 0.007663, 0.007537
0.006651, 0.006763, 0.006986, 0.007323, 0.007774, 0.008341, 0.009027, 0.009835, 0.010767, 0.011826, 0.013015, 0.014338, 0.015798, 0.017396, 0.019136, 0.021019, 0.023045, 0.025215, 0.027529, 0.029985, 0.032579, 0.035307, 0.038165, 0.041144, 0.044237, 0.047433, 0.050722, 0.054089, 0.057521, 0.061001, 0.064512, 0.068036, 0.071552, 0.075040, 0.078479, 0.081846, 0.085119, 0.088276, 0.091294, 0.094151, 0.096826, 0.099298, 0.101549, 0.103560, 0.105316, 0.106802, 0.108006, 0.108918, 0.109530, 0.109837, 0.109837, 0.109530, 0.108918, 0.108006, 0.106802, 0.105316, 0.103561, 0.101549, 0.099298, 0.096826, 0.094151, 0.091294, 0.088276, 0.085119, 0.081846, 0.078479, 0.075040, 0.071552, 0.068036, 0.064512, 0.061001, 0.057521, 0.054089, 0.050722, 0.047433, 0.044237, 0.041144, 0.038165, 0.035307, 0.032579, 0.029985, 0.027529, 0.025216, 0.023045, 0.021019, 0.019136, 0.017397, 0.015798, 0.014339, 0.013015, 0.011826, 0.010767, 0.009835, 0.009027, 0.008341, 0.007774, 0.007323, 0.006986, 0.006763, 0.006651
0.005861, 0.005959, 0.006156, 0.006452, 0.006850, 0.007350, 0.007954, 0.008666, 0.009487, 0.010420, 0.011468, 0.012634, 0.013920, 0.015329, 0.016862, 0.018521, 0.020306, 0.022219, 0.024257, 0.026421, 0.028707, 0.031111, 0.033629, 0.036254, 0.038979, 0.041796, 0.044693, 0.047660, 0.050684, 0.053751, 0.056845, 0.059949, 0.063048, 0.066121, 0.069151, 0.072118, 0.075002, 0.077784, 0.080443, 0.082961, 0.085318, 0.087496, 0.089480, 0.091252, 0.092799, 0.094108, 0.095169, 0.095973, 0.096512, 0.096783, 0.096783, 0.096512, 0.095973, 0.095169, 0.094109, 0.092799, 0.091252, 0.089480, 0.087497, 0.085318, 0.082961, 0.080443, 0.077784, 0.075003, 0.072118, 0.069152, 0.066122, 0.063048, 0.059950, 0.056845, 0.053751, 0.050685, 0.047661, 0.044693, 0.041796, 0.038979, 0.036254, 0.033629, 0.031111, 0.028707, 0.026421, 0.024257, 0.022219, 0.020306, 0.018521, 0.016862, 0.015329, 0.013920, 0.012634, 0.011469, 0.010420, 0.009487, 0.008666, 0.007954, 0.007350, 0.006850, 0.006452, 0.006156, 0.005959, 0.005861
0.005160, 0.005247, 0.005420, 0.005681, 0.006031, 0.006471, 0.007003, 0.007630, 0.008353, 0.009175, 0.010098, 0.011124, 0.012256, 0.013496, 0.014846, 0.016307, 0.017879, 0.019563, 0.021358, 0.023263, 0.025275, 0.027392, 0.029609, 0.031920, 0.034320, 0.036799, 0.039351, 0.041963, 0.044626, 0.047325, 0.050050, 0.052783, 0.055511, 0.058217, 0.060885, 0.063497, 0.066037, 0.068486, 0.070827, 0.073044, 0.075119, 0.077037, 0.078784, 0.080344, 0.081706, 0.082859, 0.083793, 0.084500, 0.084975, 0.085213, 0.085213, 0.084975, 0.084500, 0.083793, 0.082859, 0.081706, 0.080344, 0.078784, 0.077037, 0.075119, 0.073044, 0.070827, 0.068486, 0.066037, 0.063498, 0.060885, 0.058217, 0.055511, 0.052783, 0.050050, 0.047326, 0.044626, 0.041963, 0.039351, 0.036800, 0.034320, 0.031920, 0.029609, 0.027392, 0.025275, 0.023263, 0.021358, 0.019563, 0.017879, 0.016307, 0.014846, 0.013496, 0.012256, 0.011124, 0.010098, 0.009175, 0.008353, 0.007630, 0.007003, 0.006471, 0.006031, 0.005681, 0.005420, 0.005247, 0.005160
0.004544, 0.004621, 0.004773, 0.005003, 0.005311, 0.005699, 0.006168, 0.006720, 0.007356, 0.008080, 0.008893, 0.009797, 0.010794, 0.011886, 0.013075, 0.014361, 0.015745, 0.017228, 0.018809, 0.020487, 0.022259, 0.024124, 0.026076, 0.028112, 0.030225, 0.032409, 0.034656, 0.036956, 0.039301, 0.041679, 0.044078, 0.046486, 0.048888, 0.051271, 0.053621, 0.055922, 0.058158, 0.060315, 0.062377, 0.064329, 0.066157, 0.067846, 0.069384, 0.070758, 0.071958, 0.072973, 0.073796, 0.074419, 0.074837, 0.075047, 0.075047, 0.074837, 0.074419, 0.073796, 0.072973, 0.071958, 0.070758, 0.069384, 0.067846, 0.066157, 0.064329, 0.062377, 0.060315, 0.058158, 0.055922, 0.053621, 0.051272, 0.048888, 0.046486, 0.044078, 0.041679, 0.039301, 0.036957, 0.034656, 0.032409, 0.030225, 0.028112, 0.026076, 0.024124, 0.022260, 0.020487, 0.018809, 0.017229, 0.015746, 0.014361, 0.013075, 0.011886, 0.010794, 0.009797, 0.008893, 0.008080, 0.007356, 0.006720, 0.006168, 0.005699, 0.005311, 0.005003, 0.004773, 0.004621, 0.004544
0.004009, 0.004076, 0.004211, 0.004413, 0.004685, 0.005027, 0.005441, 0.005928, 0.006489, 0.007128, 0.007845, 0.008642, 0.009522, 0.010485, 0.011534, 0.012668, 0.013890, 0.015198, 0.016593, 0.018073, 0.019636, 0.021281, 0.023003, 0.024799, 0.026663, 0.028589, 0.030572, 0.032601, 0.034670, 0.036767, 0.038884, 0.041007, 0.043127, 0.045229, 0.047302, 0.049331, 0.051304, 0.053207, 0.055026, 0.056748, 0.058360, 0.059851, 0.061207, 0.062420, 0.063478, 0.064374, 0.065099, 0.065649, 0.066018, 0.066203, 0.066203, 0.066018, 0.065649, 0.065099, 0.064374, 0.063478, 0.062420, 0.061207, 0.059851, 0.058360, 0.056748, 0.055026, 0.053207, 0.051304, 0.049331, 0.047302, 0.045229, 0.043127, 0.041007, 0.038884, 0.036767, 0.034670, 0.032601, 0.030572, 0.028590, 0.026663, 0.024799, 0.023003, 0.021281, 0.019636, 0.018073, 0.016593, 0.015198, 0.013890, 0.012668, 0.011534, 0.010485, 0.009522, 0.008642, 0.007845, 0.007128, 0.006489, 0.005928, 0.005441, 0.005027, 0.004685, 0.004413, 0.004211, 0.004076, 0.004009
0.003549, 0.003608, 0.003727, 0.003907, 0.004147, 0.004450, 0.004816, 0.005247, 0.005744, 0.006310, 0.006944, 0.007650, 0.008429, 0.009282, 0.010210, 0.011214, 0.012296, 0.013454, 0.014688, 0.015998, 0.017383, 0.018838, 0.020363, 0.021953, 0.023603, 0.025309, 0.027063, 0.028860, 0.030691, 0.032548, 0.034421, 0.036302, 0.038178, 0.040039, 0.041874, 0.043670, 0.045417, 0.047101, 0.048712, 0.050236, 0.051664, 0.052983, 0.054184, 0.055257, 0.056194, 0.056987, 0.057629, 0.058116, 0.058442, 0.058606, 0.058606, 0.058442, 0.058116, 0.057629, 0.056987, 0.056194, 0.055257, 0.054184, 0.052983, 0.051664, 0.050236, 0.048712, 0.047101, 0.045417, 0.043671, 0.041874, 0.040039, 0.038178, 0.036302, 0.034422, 0.032548, 0.030691, 0.028860, 0.027063, 0.025309, 0.023603, 0.021953, 0.020363, 0.018838, 0.017383, 0.015999, 0.014688, 0.013454, 0.012296, 0.011215, 0.010210, 0.009282, 0.008429, 0.007650, 0.006944, 0.006310, 0.005744, 0.005247, 0.004816, 0.004450, 0.004147, 0.003907, 0.003727, 0.003608, 0.003549
0.003160, 0.003213, 0.003319, 0.003479, 0.003693, 0.003962, 0.004288, 0.004672, 0.005115, 0.005618, 0.006183, 0.006812, 0.007505, 0.008265, 0.009091, 0.009986, 0.010949, 0.011980, 0.013079, 0.014246, 0.015478, 0.016775, 0.018132, 0.019548, 0.021017, 0.022536, 0.024098, 0.025698, 0.027329, 0.028982, 0.030651, 0.032325, 0.033996, 0.035653, 0.037287, 0.038887, 0.040442, 0.041942, 0.043376, 0.044733, 0.046004, 0.047179, 0.048249, 0.049204, 0.050038, 0.050744, 0.051316, 0.051750, 0.052040, 0.052186, 0.052186, 0.052040, 0.051750, 0.051316, 0.050744, 0.050038, 0.049204, 0.048249, 0.047179, 0.046004, 0.044733, 0.043376, 0.041942, 0.040442, 0.038887, 0.037287, 0.035653, 0.033996, 0.032325, 0.030651, 0.028983, 0.027329, 0.025698, 0.024098, 0.022536, 0.021017, 0.019548, 0.018132, 0.016775, 0.015478, 0.014246, 0.013079, 0.011980, 0.010949, 0.009986, 0.009091, 0.008265, 0.007505, 0.006812, 0.006183, 0.005618, 0.005115, 0.004672, 0.004289, 0.003963, 0.003693, 0.003479, 0.003319, 0.003213, 0.003160
0.002838, 0.002886, 0.002981, 0.003125, 0.003317, 0.003559, 0.003852, 0.004197, 0.004595, 0.005047, 0.005554, 0.006119, 0.006742, 0.007424, 0.008167, 0.008970, 0.009835, 0.010761, 0.011749, 0.012797, 0.013904, 0.015069, 0.016288, 0.017560, 0.018880, 0.020244, 0.021648, 0.023085, 0.024550, 0.026035, 0.027534, 0.029038, 0.030539, 0.032028, 0.033496, 0.034933, 0.036330, 0.037677, 0.038965, 0.040185, 0.041327, 0.042382, 0.043343, 0.044202, 0.044951, 0.045585, 0.046099, 0.046488, 0.046749, 0.046881, 0.046881, 0.046749, 0.046488, 0.046099, 0.045585, 0.044951, 0.044202, 0.043343, 0.042382, 0.041327, 0.040185, 0.038966, 0.037677, 0.036330, 0.034933, 0.033496, 0.032028, 0.030539, 0.029038, 0.027534, 0.026035, 0.024550, 0.023085, 0.021648, 0.020244, 0.018880, 0.017560, 0.016288, 0.015069, 0.013904, 0.012797, 0.011749, 0.010761, 0.009835, 0.008970, 0.008167, 0.007424, 0.006742, 0.006119, 0.005554, 0.005047, 0.004595, 0.004197, 0.003852, 0.003559, 0.003317, 0.003125, 0.002981, 0.002886, 0.002838
0.002581, 0.002624, 0.002711, 0.002841, 0.003016, 0.003237, 0.003503, 0.003816, 0.004178, 0.004589, 0.005051, 0.005564, 0.006131, 0.006751, 0.007426, 0.008157, 0.008943, 0.009786, 0.010684, 0.011637, 0.012644, 0.013703, 0.014812, 0.015968, 0.017169, 0.018410, 0.019686, 0.020993, 0.022325, 0.023676, 0.025039, 0.026407, 0.027772, 0.029126, 0.030460, 0.031768, 0.033038, 0.034263, 0.035435, 0.036544, 0.037582, 0.038542, 0.039416, 0.040197, 0.040878, 0.041455, 0.041922, 0.042276, 0.042514, 0.042633, 0.042633, 0.042514, 0.042276, 0.041922, 0.041455, 0.040878, 0.040197, 0.039416, 0.038542, 0.037582, 0.036544, 0.035435, 0.034264, 0.033038, 0.031768, 0.030461, 0.029126, 0.027772, 0.026407, 0.025039, 0.023676, 0.022325, 0.020993, 0.019686, 0.018410, 0.017169, 0.015969, 0.014812, 0.013703, 0.012644, 0.011637, 0.010684, 0.009786, 0.008944, 0.008157, 0.007426, 0.006751, 0.006131, 0.005564, 0.005051, 0.004589, 0.004178, 0.003816, 0.003503, 0.003237, 0.003016, 0.002841, 0.002711, 0.002624, 0.002581
0.002385, 0.002425, 0.002505, 0.002625, 0.002787, 0.002991, 0.003237, 0.003526, 0.003860, 0.004240, 0.004667, 0.005141, 0.005665, 0.006238, 0.006862, 0.007537, 0.008264, 0.009043, 0.009872, 0.010753, 0.011684, 0.012662, 0.013687, 0.014756, 0.015865, 0.017012, 0.018191, 0.019399, 0.020630, 0.021878, 0.023138, 0.024402, 0.025663, 0.026915, 0.028148, 0.029356, 0.030530, 0.031662, 0.032745, 0.033770, 0.034730, 0.035617, 0.036424, 0.037146, 0.037775, 0.038308, 0.038740, 0.039067, 0.039287, 0.039397, 0.039397, 0.039287, 0.039067, 0.038740, 0.038308, 0.037775, 0.037146, 0.036424, 0.035617, 0.034730, 0.033770, 0.032745, 0.031663, 0.030530, 0.029356, 0.028148, 0.026915, 0.025663, 0.024402, 0.023138, 0.021879, 0.020630, 0.019399, 0.018191, 0.017012, 0.015865, 0.014756, 0.013687, 0.012662, 0.011684, 0.010753, 0.009873, 0.009043, 0.008264, 0.007537, 0.006862, 0.006238, 0.005665, 0.005142, 0.004667, 0.004240, 0.003860, 0.003526, 0.003237, 0.002991, 0.002787, 0.002625, 0.002505, 0.002425, 0.002385
0.002247, 0.002285, 0.002360, 0.002474, 0.002627, 0.002818, 0.003050, 0.003323, 0.003638, 0.003996, 0.004399, 0.004846, 0.005339, 0.005879, 0.006468, 0.007104, 0.007789, 0.008523, 0.009305, 0.010135, 0.011012, 0.011935, 0.012901, 0.013908, 0.014954, 0.016034, 0.017146, 0.018285, 0.019445, 0.020622, 0.021809, 0.023000, 0.024189, 0.025369, 0.026531, 0.027670, 0.028777, 0.029844, 0.030865, 0.031831, 0.032735, 0.033571, 0.034332, 0.035013, 0.035606, 0.036109, 0.036516, 0.036824, 0.037031, 0.037135, 0.037135, 0.037031, 0.036824, 0.036516, 0.036109, 0.035606, 0.035013, 0.034332, 0.033571, 0.032735, 0.031831, 0.030865, 0.029844, 0.028777, 0.027670, 0.026531, 0.025369, 0.024189, 0.023000, 0.021809, 0.020622, 0.019445, 0.018285, 0.017146, 0.016034, 0.014954, 0.013908, 0.012901, 0.011935, 0.011012, 0.010135, 0.009305, 0.008523, 0.007789, 0.007104, 0.006468, 0.005880, 0.005339, 0.004846, 0.004399, 0.003996, 0.003638, 0.003323, 0.003050, 0.002818, 0.002627, 0.002474, 0.002360, 0.002285, 0.002247
0.002167, 0.002204, 0.002276, 0.002386, 0.002533, 0.002718, 0.002942, 0.003205, 0.003509, 0.003854, 0.004242, 0.004674, 0.005149, 0.005671, 0.006238, 0.006852, 0.007512, 0.008220, 0.008975, 0.009775, 0.010621, 0.011511, 0.012443, 0.013414, 0.014423, 0.015465, 0.016538, 0.017636, 0.018755, 0.019890, 0.021035, 0.022185, 0.023331, 0.024469, 0.025591, 0.026689, 0.027757, 0.028786, 0.029770, 0.030702, 0.031575, 0.032381, 0.033116, 0.033772, 0.034344, 0.034829, 0.035222, 0.035519, 0.035719, 0.035819, 0.035819, 0.035719, 0.035519, 0.035222, 0.034829, 0.034344, 0.033772, 0.033116, 0.032381, 0.031575, 0.030702, 0.029771, 0.028786, 0.027757, 0.026689, 0.025591, 0.024469, 0.023331, 0.022185, 0.021035, 0.019890, 0.018755, 0.017636, 0.016538, 0.015465, 0.014423, 0.013414, 0.012443, 0.011511, 0.010621, 0.009775, 0.008975, 0.008220, 0.007512, 0.006852, 0.006238, 0.005671, 0.005149, 0.004674, 0.004242, 0.003854, 0.003509, 0.003205, 0.002942, 0.002718, 0.002533, 0.002386, 0.002276, 0.002204, 0.002167
0.002143, 0.002179, 0.002251, 0.002360, 0.002505, 0.002688, 0.002910, 0.003170, 0.003470, 0.003812, 0.004196, 0.004622, 0.005093, 0.005609, 0.006170, 0.006777, 0.007430, 0.008131, 0.008877, 0.009669, 0.010506, 0.011386, 0.012307, 0.013269, 0.014266, 0.015297, 0.016358, 0.017445, 0.018552, 0.019674, 0.020807, 0.021944, 0.023078, 0.024204, 0.025313, 0.026400, 0.027456, 0.028474, 0.029448, 0.030370, 0.031233, 0.032031, 0.032757, 0.033406, 0.033973, 0.034452, 0.034841, 0.035135, 0.035332, 0.035432, 0.035432, 0.035332, 0.035135, 0.034841, 0.034452, 0.033973, 0.033406, 0.032757, 0.032031, 0.031233, 0.030370, 0.029448, 0.028474, 0.027456, 0.026400, 0.025313, 0.024204, 0.023079, 0.021944, 0.020807, 0.019675, 0.018552, 0.017445, 0.016358, 0.015297, 0.014266, 0.013269, 0.012307, 0.011386, 0.010506, 0.009669, 0.008877, 0.008131, 0.007430, 0.006777, 0.006170, 0.005609, 0.005093, 0.004622, 0.004196, 0.003812, 0.003471, 0.003170, 0.002910, 0.002688, 0.002505, 0.002360, 0.002251, 0.002179, 0.002143
0.002175, 0.002212, 0.002285, 0.002395, 0.002543, 0.002728, 0.002953, 0.003217, 0.003522, 0.003869, 0.004258, 0.004692, 0.005169, 0.005693, 0.006262, 0.006878, 0.007542, 0.008252, 0.009010, 0.009814, 0.010663, 0.011557, 0.012492, 0.013468, 0.014480, 0.015527, 0.016604, 0.017707, 0.018831, 0.019970, 0.021120, 0.022274, 0.023426, 0.024568, 0.025694, 0.026797, 0.027869, 0.028903, 0.029892, 0.030827, 0.031703, 0.032513, 0.033251, 0.033909, 0.034484, 0.034971, 0.035365, 0.035664, 0.035865, 0.035965, 0.035965, 0.035865, 0.035664, 0.035366, 0.034971, 0.034485, 0.033909, 0.033251, 0.032513, 0.031704, 0.030827, 0.029892, 0.028903, 0.027869, 0.026797, 0.025694, 0.024568, 0.023426, 0.022274, 0.021120, 0.019970, 0.018831, 0.017707, 0.016604, 0.015527, 0.014481, 0.013468, 0.012492, 0.011557, 0.010663, 0.009814, 0.009010, 0.008252, 0.007542, 0.006878, 0.006262, 0.005693, 0.005169, 0.004692, 0.004258, 0.003869, 0.003522, 0.003217, 0.002953, 0.002728, 0.002543, 0.002395, 0.002285, 0.002212, 0.002175
0.002263, 0.002301, 0.002377, 0.002492, 0.002645, 0.002839, 0.003072, 0.003347, 0.003665, 0.004025, 0.004431, 0.004881, 0.005378, 0.005923, 0.006515, 0.007157, 0.007847, 0.008586, 0.009375, 0.010211, 0.011095, 0.012024, 0.012998, 0.014013, 0.015067, 0.016156, 0.017277, 0.018424, 0.019594, 0.020779, 0.021976, 0.023177, 0.024375, 0.025564, 0.026736, 0.027883, 0.028999, 0.030075, 0.031103, 0.032077, 0.032989, 0.033832, 0.034599, 0.035284, 0.035883, 0.036389, 0.036799, 0.037110, 0.037319, 0.037424, 0.037424, 0.037319, 0.037110, 0.036800, 0.036389, 0.035883, 0.035284, 0.034599, 0.033832, 0.032989, 0.032077, 0.031103, 0.030075, 0.028999, 0.027883, 0.026736, 0.025564, 0.024375, 0.023177, 0.021976, 0.020780, 0.019594, 0.018424, 0.017277, 0.016156, 0.015067, 0.014013, 0.012998, 0.012025, 0.011095, 0.010211, 0.009375, 0.008586, 0.007847, 0.007157, 0.006515, 0.005923, 0.005378, 0.004881, 0.004431, 0.004025, 0.003665, 0.003347, 0.003072, 0.002839, 0.002645, 0.002492, 0.002377, 0.002301, 0.002263
0.002408, 0.002448, 0.002529, 0.002651, 0.002814, 0.003020, 0.003269, 0.003561, 0.003899, 0.004283, 0.004714, 0.005193, 0.005722, 0.006302, 0.006932, 0.007614, 0.008349, 0.009136, 0.009974, 0.010864, 0.011805, 0.012794, 0.013830, 0.014910, 0.016031, 0.017190, 0.018382, 0.019603, 0.020848, 0.022110, 0.023383, 0.024660, 0.025936, 0.027200, 0.028447, 0.029669, 0.030856, 0.032000, 0.033095, 0.034131, 0.035101, 0.035998, 0.036814, 0.037544, 0.038181, 0.038719, 0.039156, 0.039487, 0.039709, 0.039820, 0.039820, 0.039709, 0.039487, 0.039156, 0.038719, 0.038181, 0.037544, 0.036814, 0.035998, 0.035101, 0.034131, 0.033095, 0.032000, 0.030856, 0.029669, 0.028448, 0.027201, 0.025936, 0.024661, 0.023383, 0.022110, 0.020848, 0.019603, 0.018383, 0.017190, 0.016031, 0.014910, 0.013830, 0.012794, 0.011805, 0.010864, 0.009974, 0.009136, 0.008349, 0.007614, 0.006932, 0.006302, 0.005722, 0.005193, 0.004714, 0.004283, 0.003899, 0.003561, 0.003269, 0.003020, 0.002814, 0.002651, 0.002529, 0.002448, 0.002408
0.002610, 0.002654, 0.002742, 0.002874, 0.003051, 0.003274, 0.003544, 0.003861, 0.004227, 0.004644, 0.005111, 0.005631, 0.006205, 0.006833, 0.007516, 0.008256, 0.009053, 0.009906, 0.010815, 0.011780, 0.012800, 0.013872, 0.014996, 0.016167, 0.017383, 0.018639, 0.019932, 0.021256, 0.022606, 0.023974, 0.025354, 0.026740, 0.028123, 0.029494, 0.030846, 0.032171, 0.033458, 0.034699, 0.035886, 0.037010, 0.038062, 0.039034, 0.039919, 0.040710, 0.041401, 0.041985, 0.042458, 0.042817, 0.043058, 0.043179, 0.043179, 0.043058, 0.042817, 0.042459, 0.041985, 0.041401, 0.040710, 0.039919, 0.039034, 0.038062, 0.037010, 0.035886, 0.034699, 0.033458, 0.032171, 0.030847, 0.029494, 0.028123, 0.026740, 0.025355, 0.023974, 0.022606, 0.021256, 0.019932, 0.018640, 0.017383, 0.016167, 0.014996, 0.013873, 0.012800, 0.011780, 0.010815, 0.009906, 0.009053, 0.008256, 0.007516, 0.006833, 0.006205, 0.005631, 0.005111, 0.004644, 0.004227, 0.003861, 0.003544, 0.003274, 0.003051, 0.002874, 0.002742, 0.002654, 0.002610
0.002873, 0.002922, 0.003018, 0.003164, 0.003359, 0.003604, 0.003901, 0.004250, 0.004653, 0.005112, 0.005626, 0.006198, 0.006830, 0.007521, 0.008274, 0.009088, 0.009965, 0.010904, 0.011905, 0.012968, 0.014090, 0.015271, 0.016507, 0.017797, 0.019135, 0.020519, 0.021942, 0.023399, 0.024885, 0.026391, 0.027911, 0.029436, 0.030958, 0.032468, 0.033957, 0.035414, 0.036831, 0.038198, 0.039504, 0.040741, 0.041899, 0.042970, 0.043944, 0.044815, 0.045575, 0.046219, 0.046740, 0.047135, 0.047400, 0.047533, 0.047533, 0.047400, 0.047135, 0.046740, 0.046219, 0.045575, 0.044815, 0.043944, 0.042970, 0.041899, 0.040741, 0.039504, 0.038198, 0.036831, 0.035414, 0.033957, 0.032468, 0.030958, 0.029436, 0.027911, 0.026391, 0.024885, 0.023399, 0.021942, 0.020519, 0.019135, 0.017797, 0.016507, 0.015271, 0.014090, 0.012968, 0.011905, 0.010904, 0.009965, 0.009088, 0.008274, 0.007521, 0.006830, 0.006198, 0.005626, 0.005112, 0.004653, 0.004250, 0.003901, 0.003604, 0.003359, 0.003164, 0.003018, 0.002922, 0.002873
0.003199, 0.003253, 0.003361, 0.003523, 0.003740, 0.004013, 0.004343, 0.004732, 0.005181, 0.005691, 0.006264, 0.006901, 0.007604, 0.008374, 0.009212, 0.010119, 0.011095, 0.012141, 0.013256, 0.014438, 0.015688, 0.017003, 0.018380, 0.019815, 0.021306, 0.022846, 0.024431, 0.026053, 0.027707, 0.029385, 0.031077, 0.032775, 0.034470, 0.036151, 0.037809, 0.039432, 0.041009, 0.042531, 0.043986, 0.045363, 0.046652, 0.047844, 0.048929, 0.049899, 0.050745, 0.051462, 0.052042, 0.052482, 0.052777, 0.052925, 0.052925, 0.052777, 0.052482, 0.052042, 0.051462, 0.050746, 0.049899, 0.048930, 0.047844, 0.046653, 0.045363, 0.043986, 0.042531, 0.041009, 0.039432, 0.037809, 0.036151, 0.034470, 0.032775, 0.031077, 0.029385, 0.027707, 0.026054, 0.024431, 0.022846, 0.021306, 0.019815, 0.018380, 0.017003, 0.015688, 0.014439, 0.013256, 0.012141, 0.011095, 0.010119, 0.009212, 0.008374, 0.007604, 0.006901, 0.006264, 0.005691, 0.005181, 0.004732, 0.004343, 0.004013, 0.003740, 0.003523, 0.003361, 0.003253, 0.003199
0.003591, 0.003651, 0.003772, 0.003954, 0.004198, 0.004504, 0.004875, 0.005312, 0.005815, 0.006388, 0.007031, 0.007746, 0.008535, 0.009400, 0.010340, 0.011358, 0.012454, 0.013628, 0.014879, 0.016207, 0.017609, 0.019085, 0.020630, 0.022242, 0.023915, 0.025644, 0.027423, 0.029244, 0.031100, 0.032983, 0.034883, 0.036789, 0.038691, 0.040578, 0.042439, 0.044261, 0.046032, 0.047740, 0.049373, 0.050919, 0.052366, 0.053704, 0.054922, 0.056010, 0.056960, 0.057764, 0.058416, 0.058909, 0.059240, 0.059407, 0.059407, 0.059240, 0.058909, 0.058416, 0.057764, 0.056960, 0.056010, 0.054922, 0.053704, 0.052366, 0.050919, 0.049373, 0.047740, 0.046032, 0.044261, 0.042439, 0.040579, 0.038691, 0.036789, 0.034883, 0.032983, 0.031101, 0.029244, 0.027423, 0.025644, 0.023915, 0.022242, 0.020631, 0.019085, 0.017610, 0.016207, 0.014879, 0.013628, 0.012454, 0.011358, 0.010340, 0.009400, 0.008536, 0.007746, 0.007031, 0.006388, 0.005815, 0.005312, 0.004875, 0.004504, 0.004198, 0.003954, 0.003772, 0.003651, 0.003591
0.004052, 0.004120, 0.004256, 0.004462, 0.004737, 0.005083, 0.005501, 0.005994, 0.006562, 0.007208, 0.007934, 0.008741, 0.009632, 0.010607, 0.011668, 0.012817, 0.014053, 0.015378, 0.016790, 0.018288, 0.019871, 0.021536, 0.023280, 0.025099, 0.026986, 0.028937, 0.030945, 0.033000, 0.035095, 0.037220, 0.039363, 0.041514, 0.043661, 0.045791, 0.047890, 0.049946, 0.051944, 0.053872, 0.055714, 0.057459, 0.059092, 0.060602, 0.061976, 0.063205, 0.064277, 0.065184, 0.065919, 0.066476, 0.066850, 0.067037, 0.067037, 0.066850, 0.066476, 0.065919, 0.065184, 0.064277, 0.063205, 0.061977, 0.060602, 0.059092, 0.057459, 0.055714, 0.053872, 0.051944, 0.049946, 0.047890, 0.045791, 0.043661, 0.041514, 0.039363, 0.037220, 0.035095, 0.033000, 0.030945, 0.028938, 0.026987, 0.025099, 0.023280, 0.021536, 0.019871, 0.018288, 0.016790, 0.015378, 0.014053, 0.012817, 0.011668, 0.010607, 0.009632, 0.008741, 0.007934, 0.007209, 0.006562, 0.005994, 0.005501, 0.005083, 0.004737, 0.004462, 0.004256, 0.004120, 0.004052
0.004587, 0.004664, 0.004818, 0.005050, 0.005362, 0.005753, 0.006227, 0.006785, 0.007428, 0.008160, 0.008981, 0.009895, 0.010903, 0.012006, 0.013208, 0.014508, 0.015908, 0.017407, 0.019005, 0.020701, 0.022493, 0.024378, 0.026352, 0.028410, 0.030547, 0.032756, 0.035028, 0.037354, 0.039726, 0.042131, 0.044557, 0.046992, 0.049422, 0.051832, 0.054209, 0.056536, 0.058798, 0.060980, 0.063066, 0.065040, 0.066889, 0.068598, 0.070154, 0.071544, 0.072758, 0.073785, 0.074617, 0.075247, 0.075670, 0.075883, 0.075883, 0.075670, 0.075247, 0.074617, 0.073785, 0.072758, 0.071544, 0.070154, 0.068598, 0.066889, 0.065040, 0.063066, 0.060980, 0.058798, 0.056536, 0.054209, 0.051832, 0.049422, 0.046992, 0.044557, 0.042131, 0.039726, 0.037355, 0.035028, 0.032756, 0.030547, 0.028410, 0.026352, 0.024378, 0.022493, 0.020701, 0.019005, 0.017407, 0.015908, 0.014508, 0.013208, 0.012007, 0.010903, 0.009895, 0.008981, 0.008160, 0.007428, 0.006785, 0.006227, 0.005753, 0.005362, 0.005050, 0.004818, 0.004664, 0.004587
0.005199, 0.005286, 0.005461, 0.005725, 0.006078, 0.006522, 0.007059, 0.007691, 0.008420, 0.009249, 0.010180, 0.011216, 0.012358, 0.013610, 0.014971, 0.016445, 0.018032, 0.019731, 0.021543, 0.023465, 0.025496, 0.027633, 0.029870, 0.032204, 0.034626, 0.037129, 0.039704, 0.042342, 0.045030, 0.047756, 0.050506, 0.053266, 0.056020, 0.058753, 0.061447, 0.064084, 0.066649, 0.069122, 0.071486, 0.073724, 0.075820, 0.077757, 0.079521, 0.081096, 0.082472, 0.083636, 0.084579, 0.085294, 0.085773, 0.086014, 0.086014, 0.085773, 0.085294, 0.084579, 0.083636, 0.082472, 0.081097, 0.079521, 0.077757, 0.075820, 0.073724, 0.071486, 0.069122, 0.066649, 0.064084, 0.061447, 0.058753, 0.056020, 0.053266, 0.050506, 0.047756, 0.045030, 0.042342, 0.039705, 0.037129, 0.034626, 0.032204, 0.029871, 0.027633, 0.025496, 0.023465, 0.021543, 0.019731, 0.018032, 0.016445, 0.014971, 0.013610, 0.012358, 0.011216, 0.010180, 0.009249, 0.008420, 0.007691, 0.007059, 0.006522, 0.006078, 0.005725, 0.005461, 0.005286, 0.005199
0.005894, 0.005993, 0.006191, 0.006490, 0.006890, 0.007393, 0.008002, 0.008718, 0.009545, 0.010485, 0.011541, 0.012715, 0.014010, 0.015428, 0.016972, 0.018643, 0.020441, 0.022368, 0.024421, 0.026601, 0.028903, 0.031325, 0.033862, 0.036507, 0.039253, 0.042091, 0.045010, 0.048000, 0.051047, 0.054137, 0.057255, 0.060384, 0.063506, 0.066604, 0.069657, 0.072648, 0.075554, 0.078358, 0.081038, 0.083576, 0.085951, 0.088147, 0.090147, 0.091933, 0.093492, 0.094812, 0.095881, 0.096691, 0.097235, 0.097508, 0.097508, 0.097235, 0.096691, 0.095881, 0.094812, 0.093492, 0.091933, 0.090147, 0.088148, 0.085952, 0.083576, 0.081038, 0.078358, 0.075555, 0.072648, 0.069658, 0.066604, 0.063506, 0.060384, 0.057255, 0.054137, 0.051047, 0.048000, 0.045010, 0.042091, 0.039253, 0.036507, 0.033862, 0.031325, 0.028903, 0.026601, 0.024421, 0.022368, 0.020441, 0.018643, 0.016972, 0.015428, 0.014010, 0.012715, 0.011541, 0.010485, 0.009545, 0.008718, 0.008002, 0.007393, 0.006890, 0.006490, 0.006191, 0.005993, 0.005894
0.006676, 0.006788, 0.007013, 0.007351, 0.007804, 0.008374, 0.009063, 0.009875, 0.010812, 0.011876, 0.013072, 0.014401, 0.015868, 0.017475, 0.019224, 0.021116, 0.023153, 0.025335, 0.027661, 0.030130, 0.032738, 0.035481, 0.038354, 0.041350, 0.044460, 0.047674, 0.050981, 0.054367, 0.057819, 0.061319, 0.064850, 0.068394, 0.071930, 0.075439, 0.078898, 0.082284, 0.085577, 0.088752, 0.091788, 0.094662, 0.097353, 0.099840, 0.102105, 0.104128, 0.105894, 0.107389, 0.108600, 0.109517, 0.110133, 0.110442, 0.110442, 0.110133, 0.109517, 0.108600, 0.107389, 0.105894, 0.104128, 0.102105, 0.099840, 0.097353, 0.094662, 0.091788, 0.088752, 0.085577, 0.082285, 0.078898, 0.075439, 0.071931, 0.068394, 0.064850, 0.061319, 0.057819, 0.054368, 0.050981, 0.047674, 0.044460, 0.041350, 0.038354, 0.035481, 0.032738, 0.030130, 0.027661, 0.025335, 0.023153, 0.021116, 0.019224, 0.017475, 0.015868, 0.014401, 0.013072, 0.011876, 0.010812, 0.009875, 0.009064, 0.008374, 0.007804, 0.007351, 0.007013, 0.006788, 0.006676
0.007550, 0.007677, 0.007931, 0.008313, 0.008825, 0.009470, 0.010250, 0.011168, 0.012227, 0.013431, 0.014783, 0.016287, 0.017945, 0.019762, 0.021740, 0.023880, 0.026184, 0.028651, 0.031282, 0.034073, 0.037023, 0.040125, 0.043374, 0.046762, 0.050279, 0.053914, 0.057654, 0.061484, 0.065387, 0.069345, 0.073338, 0.077346, 0.081345, 0.085313, 0.089224, 0.093055, 0.096778, 0.100369, 0.103802, 0.107052, 0.110095, 0.112908, 0.115469, 0.117757, 0.119754, 0.121445, 0.122814, 0.123851, 0.124548, 0.124898, 0.124898, 0.124548, 0.123851, 0.122814, 0.121445, 0.119754, 0.117757, 0.115469, 0.112908, 0.110095, 0.107052, 0.103802, 0.100369, 0.096778, 0.093055, 0.089225, 0.085313, 0.081346, 0.077346, 0.073338, 0.069345, 0.065387, 0.061484, 0.057654, 0.053914, 0.050279, 0.046762, 0.043374, 0.040125, 0.037023, 0.034074, 0.031282, 0.028651, 0.026184, 0.023880, 0.021740, 0.019763, 0.017946, 0.016287, 0.014783, 0.013431, 0.012227, 0.011168, 0.010250, 0.009470, 0.008825, 0.008313, 0.007931, 0.007677, 0.007550
0.008521, 0.008664, 0.008950, 0.009382, 0.009960, 0.010688, 0.011568, 0.012604, 0.013799, 0.015157, 0.016683, 0.018380, 0.020253, 0.022303, 0.024535, 0.026950, 0.029550, 0.032335, 0.035303, 0.038454, 0.041782, 0.045284, 0.048950, 0.052774, 0.056743, 0.060845, 0.065066, 0.069388, 0.073792, 0.078259, 0.082766, 0.087289, 0.091803, 0.096280, 0.100695, 0.105017, 0.109219, 0.113272, 0.117146, 0.120814, 0.124248, 0.127423, 0.130312, 0.132895, 0.135149, 0.137057, 0.138602, 0.139773, 0.140558, 0.140953, 0.140953, 0.140559, 0.139773, 0.138602, 0.137057, 0.135149, 0.132895, 0.130313, 0.127423, 0.124248, 0.120814, 0.117146, 0.113272, 0.109219, 0.105017, 0.100695, 0.096281, 0.091803, 0.087289, 0.082766, 0.078260, 0.073793, 0.069388, 0.065066, 0.060846, 0.056743, 0.052774, 0.048951, 0.045284, 0.041783, 0.038454, 0.035304, 0.032335, 0.029550, 0.026950, 0.024535, 0.022303, 0.020253, 0.018381, 0.016683, 0.015157, 0.013799, 0.012604, 0.011568, 0.010688, 0.009960, 0.009382, 0.008950, 0.008664, 0.008521
0.009593, 0.009754, 0.010076, 0.010562, 0.011213, 0.012033, 0.013023, 0.014190, 0.015535, 0.017065, 0.018783, 0.020693, 0.022801, 0.025110, 0.027622, 0.030341, 0.033268, 0.036403, 0.039745, 0.043292, 0.047039, 0.050981, 0.055109, 0.059414, 0.063882, 0.068501, 0.073252, 0.078118, 0.083077, 0.088105, 0.093179, 0.098271, 0.103353, 0.108394, 0.113363, 0.118229, 0.122960, 0.127522, 0.131884, 0.136014, 0.139880, 0.143454, 0.146707, 0.149614, 0.152152, 0.154299, 0.156039, 0.157357, 0.158242, 0.158686, 0.158686, 0.158242, 0.157357, 0.156039, 0.154299, 0.152152, 0.149614, 0.146707, 0.143454, 0.139880, 0.136014, 0.131884, 0.127523, 0.122960, 0.118230, 0.113363, 0.108394, 0.103353, 0.098271, 0.093180, 0.088106, 0.083077, 0.078118, 0.073252, 0.068501, 0.063883, 0.059414, 0.055110, 0.050981, 0.047040, 0.043292, 0.039745, 0.036403, 0.033268, 0.030341, 0.027622, 0.025110, 0.022801, 0.020693, 0.018783, 0.017065, 0.015535, 0.014190, 0.013024, 0.012033, 0.011213, 0.010562, 0.010077, 0.009754, 0.009593
0.010771, 0.010952, 0.011314, 0.011859, 0.012590, 0.013510, 0.014623, 0.015932, 0.017443, 0.019160, 0.021089, 0.023234, 0.025601, 0.028193, 0.031014, 0.034067, 0.037353, 0.040873, 0.044626, 0.048608, 0.052815, 0.057241, 0.061876, 0.066709, 0.071726, 0.076912, 0.082246, 0.087709, 0.093277, 0.098923, 0.104620, 0.110337, 0.116042, 0.121702, 0.127282, 0.132746, 0.138057, 0.143179, 0.148077, 0.152713, 0.157054, 0.161066, 0.164719, 0.167983, 0.170832, 0.173243, 0.175196, 0.176676, 0.177669, 0.178168, 0.178168, 0.177669, 0.176676, 0.175196, 0.173243, 0.170832, 0.167983, 0.164719, 0.161066, 0.157054, 0.152713, 0.148077, 0.143180, 0.138057, 0.132746, 0.127282, 0.121703, 0.116043, 0.110337, 0.104620, 0.098924, 0.093277, 0.087710, 0.082247, 0.076912, 0.071727, 0.066709, 0.061876, 0.057241, 0.052816, 0.048608, 0.044626, 0.040873, 0.037353, 0.034067, 0.031014, 0.028193, 0.025601, 0.023234, 0.021089, 0.019160, 0.017443, 0.015932, 0.014623, 0.013510, 0.012591, 0.011859, 0.011314, 0.010952, 0.010771
0.012059, 0.012261, 0.012667, 0.013277, 0.014096, 0.015126, 0.016371, 0.017837, 0.019528, 0.021451, 0.023610, 0.026012, 0.028662, 0.031564, 0.034722, 0.038140, 0.041819, 0.045760, 0.049961, 0.054419, 0.059130, 0.064085, 0.069274, 0.074684, 0.080301, 0.086106, 0.092079, 0.098195, 0.104428, 0.110749, 0.117127, 0.123528, 0.129915, 0.136251, 0.142498, 0.148614, 0.154561, 0.160295, 0.165778, 0.170968, 0.175828, 0.180320, 0.184409, 0.188063, 0.191253, 0.193953, 0.196140, 0.197796, 0.198908, 0.199467, 0.199467, 0.198908, 0.197796, 0.196140, 0.193953, 0.191253, 0.188063, 0.184409, 0.180320, 0.175828, 0.170968, 0.165778, 0.160296, 0.154561, 0.148615, 0.142498, 0.136252, 0.129915, 0.123528, 0.117128, 0.110750, 0.104429, 0.098195, 0.092079, 0.086107, 0.080302, 0.074685, 0.069274, 0.064085, 0.059130, 0.054420, 0.049961, 0.045760, 0.041819, 0.038140, 0.034722, 0.031564, 0.028662, 0.026012, 0.023611, 0.021451, 0.019529, 0.017837, 0.016371, 0.015126, 0.014096, 0.013277, 0.012667, 0.012261, 0.012059
0.013460, 0.013686, 0.014139, 0.014820, 0.015734, 0.016883, 0.018273, 0.019910, 0.021797, 0.023943, 0.026354, 0.029035, 0.031992, 0.035231, 0.038756, 0.042571, 0.046677, 0.051076, 0.055765, 0.060742, 0.065999, 0.071530, 0.077322, 0.083361, 0.089630, 0.096110, 0.102776, 0.109603, 0.116560, 0.123615, 0.130734, 0.137878, 0.145007, 0.152079, 0.159051, 0.165878, 0.172515, 0.178916, 0.185035, 0.190829, 0.196253, 0.201267, 0.205831, 0.209910, 0.213470, 0.216483, 0.218924, 0.220773, 0.222015, 0.222638, 0.222638, 0.222015, 0.220773, 0.218925, 0.216483, 0.213470, 0.209910, 0.205831, 0.201267, 0.196253, 0.190829, 0.185036, 0.178916, 0.172515, 0.165879, 0.159052, 0.152080, 0.145007, 0.137878, 0.130735, 0.123616, 0.116560, 0.109603, 0.102777, 0.096110, 0.089631, 0.083361, 0.077322, 0.071530, 0.066000, 0.060742, 0.055766, 0.051076, 0.046678, 0.042571, 0.038756, 0.035231, 0.031992, 0.029035, 0.026354, 0.023944, 0.021798, 0.019910, 0.018274, 0.016883, 0.015734, 0.014820, 0.014139, 0.013686, 0.013460
0.014977, 0.015229, 0.015732, 0.016491, 0.017507, 0.018786, 0.020333, 0.022154, 0.024254, 0.026642, 0.029324, 0.032307, 0.035598, 0.039202, 0.043124, 0.047369, 0.051938, 0.056833, 0.062051, 0.067588, 0.073438, 0.079591, 0.086036, 0.092756, 0.099732, 0.106942, 0.114359, 0.121955, 0.129696, 0.137547, 0.145467, 0.153416, 0.161348, 0.169217, 0.176975, 0.184572, 0.191956, 0.199079, 0.205888, 0.212334, 0.218370, 0.223948, 0.229027, 0.233565, 0.237527, 0.240880, 0.243596, 0.245653, 0.247034, 0.247728, 0.247728, 0.247034, 0.245653, 0.243596, 0.240880, 0.237527, 0.233566, 0.229027, 0.223949, 0.218370, 0.212334, 0.205888, 0.199079, 0.191957, 0.184572, 0.176976, 0.169218, 0.161348, 0.153416, 0.145468, 0.137547, 0.129697, 0.121955, 0.114360, 0.106942, 0.099732, 0.092756, 0.086036, 0.079592, 0.073438, 0.067588, 0.062051, 0.056833, 0.051939, 0.047369, 0.043125, 0.039202, 0.035598, 0.032307, 0.029324, 0.026642, 0.024255, 0.022154, 0.020333, 0.018787, 0.017507, 0.016491, 0.015732, 0.015229, 0.014978
0.016613, 0.016892, 0.017450, 0.018291, 0.019419, 0.020838, 0.022553, 0.024572, 0.026903, 0.029551, 0.032526, 0.035834, 0.039484, 0.043481, 0.047832, 0.052540, 0.057608, 0.063037, 0.068824, 0.074966, 0.081455, 0.088280, 0.095428, 0.102881, 0.110619, 0.118615, 0.126843, 0.135267, 0.143853, 0.152561, 0.161346, 0.170162, 0.178960, 0.187688, 0.196293, 0.204719, 0.212909, 0.220809, 0.228361, 0.235511, 0.242206, 0.248393, 0.254026, 0.259060, 0.263454, 0.267173, 0.270185, 0.272467, 0.273999, 0.274768, 0.274768, 0.273999, 0.272467, 0.270185, 0.267173, 0.263454, 0.259060, 0.254027, 0.248394, 0.242206, 0.235512, 0.228362, 0.220809, 0.212910, 0.204719, 0.196293, 0.187688, 0.178960, 0.170162, 0.161346, 0.152561, 0.143854, 0.135268, 0.126843, 0.118616, 0.110619, 0.102882, 0.095428, 0.088280, 0.081455, 0.074966, 0.068825, 0.063037, 0.057609, 0.052541, 0.047832, 0.043482, 0.039484, 0.035835, 0.032526, 0.029551, 0.026903, 0.024573, 0.022553, 0.020838, 0.019419, 0.018291, 0.017450, 0.016892, 0.016613
0.018367, 0.018675, 0.019293, 0.020223, 0.021470, 0.023038, 0.024935, 0.027167, 0.029743, 0.032671, 0.035960, 0.039618, 0.043653, 0.048073, 0.052883, 0.058088, 0.063691, 0.069693, 0.076091, 0.082881, 0.090055, 0.097600, 0.105503, 0.113743, 0.122297, 0.131138, 0.140234, 0.149548, 0.159040, 0.168666, 0.178379, 0.188126, 0.197853, 0.207503, 0.217016, 0.226331, 0.235387, 0.244120, 0.252470, 0.260374, 0.267775, 0.274616, 0.280844, 0.286409, 0.291267, 0.295378, 0.298709, 0.301231, 0.302925, 0.303776, 0.303776, 0.302925, 0.301232, 0.298709, 0.295378, 0.291267, 0.286409, 0.280844, 0.274617, 0.267776, 0.260375, 0.252470, 0.244121, 0.235387, 0.226332, 0.217016, 0.207503, 0.197854, 0.188127, 0.178380, 0.168667, 0.159041, 0.149549, 0.140234, 0.131139, 0.122298, 0.113744, 0.105504, 0.097601, 0.090055, 0.082882, 0.076091, 0.069693, 0.063691, 0.058088, 0.052883, 0.048073, 0.043653, 0.039618, 0.035960, 0.032672, 0.029743, 0.027167, 0.024935, 0.023038, 0.021470, 0.020223, 0.019293, 0.018675, 0.018367
0.020240, 0.020580, 0.021261, 0.022285, 0.023659, 0.025388, 0.027478, 0.029938, 0.032777, 0.036003, 0.039627, 0.043658, 0.048105, 0.052975, 0.058275, 0.064011, 0.070186, 0.076799, 0.083850, 0.091332, 0.099237, 0.107552, 0.116261, 0.125341, 0.134767, 0.144509, 0.154532, 0.164796, 0.175256, 0.185864, 0.196567, 0.207308, 0.218026, 0.228660, 0.239143, 0.249408, 0.259386, 0.269010, 0.278211, 0.286922, 0.295078, 0.302616, 0.309478, 0.315611, 0.320964, 0.325494, 0.329165, 0.331944, 0.333811, 0.334748, 0.334748, 0.333811, 0.331944, 0.329165, 0.325495, 0.320964, 0.315611, 0.309479, 0.302616, 0.295078, 0.286922, 0.278212, 0.269011, 0.259387, 0.249408, 0.239143, 0.228661, 0.218027, 0.207308, 0.196567, 0.185865, 0.175256, 0.164796, 0.154532, 0.144510, 0.134768, 0.125342, 0.116261, 0.107553, 0.099238, 0.091333, 0.083851, 0.076800, 0.070186, 0.064012, 0.058276, 0.052975, 0.048105, 0.043658, 0.039628, 0.036003, 0.032777, 0.029938, 0.027478, 0.025388, 0.023659, 0.022286, 0.021261, 0.020580, 0.020240
0.022231, 0.022604, 0.023352, 0.024477, 0.025986, 0.027885, 0.030180, 0.032882, 0.036000, 0.039544, 0.043525, 0.047952, 0.052836, 0.058185, 0.064006, 0.070306, 0.077088, 0.084352, 0.092096, 0.100314, 0.108996, 0.118129, 0.127693, 0.137666, 0.148019, 0.158719, 0.169727, 0.181000, 0.192489, 0.204140, 0.215895, 0.227692, 0.239465, 0.251144, 0.262658, 0.273932, 0.284892, 0.295462, 0.305567, 0.315135, 0.324092, 0.332372, 0.339909, 0.346644, 0.352524, 0.357500, 0.361531, 0.364584, 0.366634, 0.367663, 0.367663, 0.366634, 0.364584, 0.361531, 0.357500, 0.352524, 0.346645, 0.339909, 0.332372, 0.324093, 0.315135, 0.305568, 0.295463, 0.284892, 0.273933, 0.262659, 0.251145, 0.239466, 0.227693, 0.215896, 0.204141, 0.192490, 0.181001, 0.169728, 0.158720, 0.148020, 0.137667, 0.127694, 0.118129, 0.108997, 0.100314, 0.092096, 0.084352, 0.077088, 0.070307, 0.064007, 0.058185, 0.052836, 0.047952, 0.043525, 0.039544, 0.036000, 0.032882, 0.030180, 0.027885, 0.025986, 0.024478, 0.023352, 0.022604, 0.022231
0.024337, 0.024745, 0.025564, 0.026796, 0.028448, 0.030526, 0.033039, 0.035997, 0.039410, 0.043289, 0.047647, 0.052493, 0.057840, 0.063695, 0.070068, 0.076965, 0.084388, 0.092340, 0.100817, 0.109813, 0.119318, 0.129315, 0.139785, 0.150702, 0.162035, 0.173749, 0.185799, 0.198140, 0.210716, 0.223471, 0.236339, 0.249253, 0.262141, 0.274925, 0.287529, 0.299871, 0.311868, 0.323439, 0.334502, 0.344975, 0.354780, 0.363844, 0.372095, 0.379468, 0.385904, 0.391351, 0.395764, 0.399106, 0.401350, 0.402476, 0.402476, 0.401350, 0.399106, 0.395764, 0.391351, 0.385904, 0.379468, 0.372095, 0.363844, 0.354781, 0.344975, 0.334502, 0.323440, 0.311869, 0.299872, 0.287530, 0.274926, 0.262141, 0.249254, 0.236340, 0.223472, 0.210717, 0.198141, 0.185800, 0.173749, 0.162036, 0.150703, 0.139786, 0.129316, 0.119318, 0.109814, 0.100818, 0.092341, 0.084389, 0.076965, 0.070068, 0.063695, 0.057840, 0.052494, 0.047647, 0.043290, 0.039410, 0.035997, 0.033039, 0.030526, 0.028448, 0.026796, 0.025564, 0.024745, 0.024337
0.026554, 0.026999, 0.027892, 0.029236, 0.031038, 0.033306, 0.036048, 0.039275, 0.042999, 0.047232, 0.051986, 0.057274, 0.063107, 0.069495, 0.076448, 0.083973, 0.092072, 0.100748, 0.109997, 0.119812, 0.130182, 0.141089, 0.152512, 0.164424, 0.176789, 0.189569, 0.202717, 0.216181, 0.229902, 0.243818, 0.257857, 0.271947, 0.286008, 0.299957, 0.313708, 0.327174, 0.340263, 0.352888, 0.364957, 0.376383, 0.387082, 0.396971, 0.405972, 0.414017, 0.421039, 0.426981, 0.431796, 0.435442, 0.437891, 0.439120, 0.439120, 0.437891, 0.435443, 0.431796, 0.426982, 0.421039, 0.414017, 0.405973, 0.396971, 0.387082, 0.376384, 0.364958, 0.352888, 0.340264, 0.327174, 0.313709, 0.299958, 0.286009, 0.271948, 0.257858, 0.243819, 0.229903, 0.216181, 0.202717, 0.189570, 0.176790, 0.164424, 0.152513, 0.141090, 0.130183, 0.119813, 0.109998, 0.100749, 0.092073, 0.083973, 0.076449, 0.069496, 0.063107, 0.057274, 0.051986, 0.047232, 0.042999, 0.039275, 0.036048, 0.033306, 0.031038, 0.029236, 0.027892, 0.026999, 0.026554
0.028875, 0.029360, 0.030330, 0.031792, 0.033752, 0.036218, 0.039199, 0.042708, 0.046758, 0.051361, 0.056530, 0.062280, 0.068623, 0.075570, 0.083131, 0.091313, 0.100121, 0.109555, 0.119612, 0.130285, 0.141561, 0.153422, 0.165843, 0.178796, 0.192242, 0.206139, 0.220436, 0.235076, 0.249997, 0.265129, 0.280396, 0.295717, 0.311006, 0.326175, 0.341128, 0.355770, 0.370004, 0.383731, 0.396855, 0.409281, 0.420914, 0.431667, 0.441455, 0.450202, 0.457838, 0.464300, 0.469536, 0.473501, 0.476163, 0.477500, 0.477500, 0.476163, 0.473501, 0.469536, 0.464301, 0.457838, 0.450203, 0.441456, 0.431667, 0.420915, 0.409281, 0.396856, 0.383732, 0.370004, 0.355771, 0.341129, 0.326175, 0.311007, 0.295718, 0.280397, 0.265130, 0.249998, 0.235077, 0.220436, 0.206139, 0.192243, 0.178797, 0.165844, 0.153423, 0.141562, 0.130286, 0.119613, 0.109555, 0.100121, 0.091314, 0.083132, 0.075571, 0.068624, 0.062281, 0.056531, 0.051361, 0.046758, 0.042709, 0.039199, 0.036218, 0.033752, 0.031793, 0.030331, 0.029360, 0.028875
0.031295, 0.031820, 0.032872, 0.034456, 0.036580, 0.039252, 0.042484, 0.046287, 0.050675, 0.055664, 0.061267, 0.067498, 0.074372, 0.081901, 0.090096, 0.098963, 0.108508, 0.118732, 0.129632, 0.141199, 0.153419, 0.166274, 0.179736, 0.193773, 0.208346, 0.223406, 0.238901, 0.254768, 0.270938, 0.287337, 0.303883, 0.320488, 0.337058, 0.353496, 0.369702, 0.385570, 0.400996, 0.415874, 0.430097, 0.443563, 0.456170, 0.467824, 0.478432, 0.487912, 0.496187, 0.503190, 0.508864, 0.513162, 0.516047, 0.517495, 0.517495, 0.516047, 0.513162, 0.508865, 0.503191, 0.496188, 0.487912, 0.478433, 0.467824, 0.456171, 0.443563, 0.430098, 0.415874, 0.400997, 0.385571, 0.369703, 0.353497, 0.337059, 0.320489, 0.303884, 0.287338, 0.270939, 0.254769, 0.238902, 0.223407, 0.208346, 0.193774, 0.179737, 0.166274, 0.153420, 0.141199, 0.129633, 0.118733, 0.108509, 0.098963, 0.090096, 0.081902, 0.074373, 0.067499, 0.061267, 0.055664, 0.050676, 0.046287, 0.042484, 0.039252, 0.036580, 0.034456, 0.032872, 0.031820, 0.031295
0.033803, 0.034370, 0.035507, 0.037218, 0.039512, 0.042398, 0.045889, 0.049997, 0.054737, 0.060125, 0.066177, 0.072908, 0.080333, 0.088465, 0.097316, 0.106893, 0.117203, 0.128247, 0.140020, 0.152513, 0.165713, 0.179598, 0.194139, 0.209301, 0.225041, 0.241308, 0.258044, 0.275182, 0.292648, 0.310362, 0.328233, 0.346168, 0.364066, 0.381821, 0.399325, 0.416465, 0.433127, 0.449196, 0.464559, 0.479103, 0.492721, 0.505308, 0.516766, 0.527006, 0.535944, 0.543508, 0.549637, 0.554278, 0.557394, 0.558959, 0.558959, 0.557395, 0.554278, 0.549637, 0.543509, 0.535944, 0.527006, 0.516767, 0.505309, 0.492722, 0.479104, 0.464559, 0.449197, 0.433128, 0.416466, 0.399326, 0.381822, 0.364067, 0.346169, 0.328234, 0.310363, 0.292650, 0.275183, 0.258045, 0.241309, 0.225042, 0.209301, 0.194139, 0.179598, 0.165714, 0.152514, 0.140020, 0.128247, 0.117204, 0.106894, 0.097316, 0.088465, 0.080333, 0.072908, 0.066177, 0.060125, 0.054737, 0.049997, 0.045889, 0.042398, 0.039512, 0.037218, 0.035507, 0.034370, 0.033803
0.036390, 0.037000, 0.038224, 0.040066, 0.042536, 0.045643, 0.049400, 0.053822, 0.058925, 0.064725, 0.071240, 0.078486, 0.086479, 0.095233, 0.104761, 0.115071, 0.126170, 0.138058, 0.150732, 0.164181, 0.178391, 0.193337, 0.208991, 0.225312, 0.242256, 0.259768, 0.277784, 0.296233, 0.315036, 0.334104, 0.353342, 0.372649, 0.391916, 0.411029, 0.429872, 0.448323, 0.466259, 0.483557, 0.500095, 0.515752, 0.530411, 0.543961, 0.556296, 0.567319, 0.576941, 0.585084, 0.591681, 0.596677, 0.600032, 0.601716, 0.601716, 0.600032, 0.596678, 0.591681, 0.585084, 0.576941, 0.567319, 0.556297, 0.543962, 0.530412, 0.515753, 0.500096, 0.483558, 0.466260, 0.448324, 0.429873, 0.411030, 0.391917, 0.372650, 0.353343, 0.334105, 0.315037, 0.296235, 0.277785, 0.259769, 0.242258, 0.225313, 0.208992, 0.193338, 0.178392, 0.164182, 0.150732, 0.138059, 0.126170, 0.115072, 0.104762, 0.095234, 0.086479, 0.078486, 0.071241, 0.064726, 0.058925, 0.053822, 0.049400, 0.045643, 0.042536, 0.040066, 0.038224, 0.037000, 0.036390
0.039043, 0.039698, 0.041010, 0.042987, 0.045636, 0.048970, 0.053001, 0.057745, 0.063220, 0.069443, 0.076433, 0.084207, 0.092782, 0.102174, 0.112396, 0.123458, 0.135365, 0.148120, 0.161717, 0.176147, 0.191392, 0.207428, 0.224222, 0.241733, 0.259912, 0.278699, 0.298028, 0.317822, 0.337994, 0.358452, 0.379092, 0.399806, 0.420476, 0.440983, 0.461198, 0.480993, 0.500236, 0.518795, 0.536538, 0.553336, 0.569063, 0.583600, 0.596834, 0.608660, 0.618983, 0.627719, 0.634797, 0.640157, 0.643756, 0.645564, 0.645564, 0.643757, 0.640158, 0.634797, 0.627720, 0.618983, 0.608661, 0.596835, 0.583601, 0.569064, 0.553337, 0.536539, 0.518796, 0.500237, 0.480994, 0.461199, 0.440984, 0.420478, 0.399807, 0.379093, 0.358453, 0.337996, 0.317823, 0.298029, 0.278700, 0.259913, 0.241734, 0.224223, 0.207429, 0.191393, 0.176148, 0.161718, 0.148121, 0.135366, 0.123459, 0.112397, 0.102175, 0.092783, 0.084207, 0.076433, 0.069444, 0.063221, 0.057746, 0.053001, 0.048970, 0.045636, 0.042987, 0.041010, 0.039698, 0.039043
0.041748, 0.042448, 0.043852, 0.045965, 0.048798, 0.052362, 0.056673, 0.061746, 0.067600, 0.074254, 0.081727, 0.090040, 0.099209, 0.109252, 0.120182, 0.132009, 0.144741, 0.158379, 0.172918, 0.188348, 0.204648, 0.221795, 0.239752, 0.258476, 0.277914, 0.298002, 0.318670, 0.339834, 0.361404, 0.383278, 0.405348, 0.427496, 0.449598, 0.471524, 0.493139, 0.514305, 0.534881, 0.554725, 0.573697, 0.591658, 0.608474, 0.624018, 0.638168, 0.650813, 0.661851, 0.671192, 0.678760, 0.684492, 0.688340, 0.690272, 0.690272, 0.688340, 0.684492, 0.678760, 0.671192, 0.661851, 0.650814, 0.638169, 0.624019, 0.608475, 0.591659, 0.573698, 0.554726, 0.534882, 0.514306, 0.493141, 0.471525, 0.449599, 0.427497, 0.405349, 0.383279, 0.361405, 0.339836, 0.318671, 0.298004, 0.277915, 0.258477, 0.239753, 0.221796, 0.204650, 0.188349, 0.172919, 0.158380, 0.144742, 0.132010, 0.120182, 0.109252, 0.099210, 0.090040, 0.081728, 0.074254, 0.067600, 0.061746, 0.056673, 0.052363, 0.048798, 0.045965, 0.043852, 0.042448, 0.041748
0.044490, 0.045236, 0.046732, 0.048984, 0.052003, 0.055801, 0.060395, 0.065801, 0.072039, 0.079130, 0.087094, 0.095952, 0.105723, 0.116425, 0.128073, 0.140677, 0.154245, 0.168778, 0.184272, 0.200714, 0.218085, 0.236357, 0.255493, 0.275446, 0.296160, 0.317567, 0.339592, 0.362146, 0.385131, 0.408441, 0.431959, 0.455561, 0.479114, 0.502479, 0.525514, 0.548069, 0.569995, 0.591142, 0.611359, 0.630499, 0.648420, 0.664983, 0.680062, 0.693538, 0.705299, 0.715254, 0.723319, 0.729427, 0.733528, 0.735586, 0.735586, 0.733528, 0.729428, 0.723320, 0.715255, 0.705299, 0.693538, 0.680063, 0.664984, 0.648421, 0.630500, 0.611360, 0.591143, 0.569996, 0.548070, 0.525515, 0.502481, 0.479115, 0.455562, 0.431961, 0.408442, 0.385132, 0.362147, 0.339593, 0.317569, 0.296161, 0.275447, 0.255494, 0.236358, 0.218086, 0.200715, 0.184273, 0.168779, 0.154246, 0.140678, 0.128074, 0.116426, 0.105724, 0.095953, 0.087095, 0.079130, 0.072039, 0.065801, 0.060395, 0.055801, 0.052003, 0.048984, 0.046732, 0.045236, 0.044490
0.047251, 0.048044, 0.049632, 0.052025, 0.055231, 0.059265, 0.064143, 0.069885, 0.076510, 0.084041, 0.092500, 0.101907, 0.112285, 0.123651, 0.136021, 0.149407, 0.163817, 0.179253, 0.195708, 0.213170, 0.231619, 0.251024, 0.271347, 0.292539, 0.314538, 0.337274, 0.360664, 0.384618, 0.409029, 0.433786, 0.458763, 0.483829, 0.508844, 0.533659, 0.558122, 0.582077, 0.605364, 0.627822, 0.649294, 0.669621, 0.688653, 0.706245, 0.722259, 0.736570, 0.749062, 0.759634, 0.768199, 0.774686, 0.779041, 0.781228, 0.781228, 0.779041, 0.774686, 0.768199, 0.759634, 0.749062, 0.736571, 0.722260, 0.706246, 0.688654, 0.669622, 0.649295, 0.627823, 0.605365, 0.582078, 0.558123, 0.533660, 0.508845, 0.483831, 0.458765, 0.433787, 0.409031, 0.384619, 0.360666, 0.337275, 0.314539, 0.292540, 0.271349, 0.251026, 0.231620, 0.213171, 0.195709, 0.179254, 0.163818, 0.149408, 0.136022, 0.123651, 0.112285, 0.101908, 0.092500, 0.084042, 0.076511, 0.069885, 0.064144, 0.059265, 0.055231, 0.052025, 0.049633, 0.048044, 0.047251
0.050015, 0.050854, 0.052535, 0.055067, 0.058461, 0.062731, 0.067894, 0.073972, 0.080985, 0.088956, 0.097908, 0.107866, 0.118850, 0.130880, 0.143974, 0.158143, 0.173395, 0.189733, 0.207150, 0.225633, 0.245161, 0.265701, 0.287212, 0.309642, 0.332927, 0.356992, 0.381750, 0.407104, 0.432942, 0.459146, 0.485583, 0.512114, 0.538591, 0.564856, 0.590750, 0.616105, 0.640752, 0.664524, 0.687250, 0.708766, 0.728911, 0.747530, 0.764481, 0.779628, 0.792850, 0.804040, 0.813105, 0.819971, 0.824581, 0.826896, 0.826896, 0.824581, 0.819972, 0.813106, 0.804040, 0.792850, 0.779629, 0.764482, 0.747531, 0.728912, 0.708767, 0.687252, 0.664525, 0.640754, 0.616106, 0.590751, 0.564858, 0.538592, 0.512116, 0.485585, 0.459147, 0.432944, 0.407105, 0.381752, 0.356994, 0.332929, 0.309644, 0.287214, 0.265702, 0.245162, 0.225635, 0.207151, 0.189734, 0.173397, 0.158144, 0.143975, 0.130881, 0.118851, 0.107867, 0.097909, 0.088956, 0.080985, 0.073972, 0.067895, 0.062731, 0.058461, 0.055067, 0.052535, 0.050854, 0.050015
0.052761, 0.053646, 0.055420, 0.058090, 0.061670, 0.066175, 0.071622, 0.078033, 0.085430, 0.093839, 0.103283, 0.113787, 0.125374, 0.138064, 0.151876, 0.166823, 0.182913, 0.200147, 0.218520, 0.238017, 0.258616, 0.280284, 0.302975, 0.326636, 0.351199, 0.376585, 0.402701, 0.429446, 0.456702, 0.484343, 0.512231, 0.540218, 0.568147, 0.595854, 0.623169, 0.649915, 0.675915, 0.700991, 0.724964, 0.747660, 0.768910, 0.788551, 0.806432, 0.822410, 0.836357, 0.848161, 0.857724, 0.864967, 0.869830, 0.872271, 0.872272, 0.869830, 0.864967, 0.857725, 0.848162, 0.836358, 0.822411, 0.806433, 0.788553, 0.768911, 0.747661, 0.724965, 0.700992, 0.675917, 0.649916, 0.623170, 0.595856, 0.568149, 0.540220, 0.512233, 0.484345, 0.456704, 0.429447, 0.402703, 0.376586, 0.351201, 0.326638, 0.302977, 0.280285, 0.258618, 0.238019, 0.218521, 0.200148, 0.182914, 0.166824, 0.151877, 0.138065, 0.125374, 0.113787, 0.103283, 0.093839, 0.085431, 0.078033, 0.071622, 0.066175, 0.061671, 0.058091, 0.055420, 0.053646, 0.052761
0.055469, 0.056399, 0.058264, 0.061072, 0.064836, 0.069571, 0.075298, 0.082037, 0.089815, 0.098655, 0.108583, 0.119626, 0.131807, 0.145149, 0.159670, 0.175384, 0.192299, 0.210417, 0.229733, 0.250231, 0.271886, 0.294665, 0.318521, 0.343396, 0.369219, 0.395907, 0.423363, 0.451479, 0.480134, 0.509193, 0.538512, 0.567934, 0.597296, 0.626425, 0.655140, 0.683258, 0.710592, 0.736954, 0.762157, 0.786017, 0.808357, 0.829006, 0.847804, 0.864601, 0.879264, 0.891674, 0.901727, 0.909341, 0.914453, 0.917020, 0.917020, 0.914454, 0.909342, 0.901727, 0.891674, 0.879265, 0.864602, 0.847805, 0.829007, 0.808358, 0.786019, 0.762158, 0.736956, 0.710594, 0.683260, 0.655142, 0.626427, 0.597298, 0.567936, 0.538513, 0.509195, 0.480136, 0.451481, 0.423365, 0.395908, 0.369220, 0.343397, 0.318523, 0.294667, 0.271888, 0.250232, 0.229734, 0.210419, 0.192300, 0.175385, 0.159671, 0.145150, 0.131808, 0.119627, 0.108584, 0.098655, 0.089815, 0.082038, 0.075298, 0.069571, 0.064836, 0.061072, 0.058264, 0.056399, 0.055469
0.058119, 0.059093, 0.061047, 0.063989, 0.067933, 0.072894, 0.078894, 0.085955, 0.094104, 0.103366, 0.113768, 0.125338, 0.138101, 0.152080, 0.167294, 0.183759, 0.201481, 0.220465, 0.240702, 0.262178, 0.284868, 0.308735, 0.333729, 0.359791, 0.386847, 0.414809, 0.443576, 0.473034, 0.503057, 0.533503, 0.564221, 0.595048, 0.625812, 0.656331, 0.686417, 0.715877, 0.744516, 0.772136, 0.798542, 0.823541, 0.846947, 0.868582, 0.888276, 0.905876, 0.921238, 0.934240, 0.944773, 0.952751, 0.958107, 0.960796, 0.960796, 0.958107, 0.952751, 0.944774, 0.934240, 0.921239, 0.905877, 0.888277, 0.868583, 0.846948, 0.823542, 0.798543, 0.772138, 0.744518, 0.715879, 0.686418, 0.656333, 0.625814, 0.595050, 0.564223, 0.533505, 0.503059, 0.473036, 0.443578, 0.414811, 0.386849, 0.359793, 0.333731, 0.308736, 0.284870, 0.262180, 0.240703, 0.220466, 0.201483, 0.183760, 0.167295, 0.152081, 0.138102, 0.125339, 0.113769, 0.103366, 0.094105, 0.085956, 0.078894, 0.072894, 0.067933, 0.063990, 0.061047, 0.059093, 0.058119
0.060688, 0.061706, 0.063746, 0.066818, 0.070936, 0.076116, 0.082381, 0.089755, 0.098264, 0.107935, 0.118797, 0.130878, 0.144205, 0.158802, 0.174688, 0.191880, 0.210386, 0.230208, 0.251340, 0.273765, 0.297457, 0.322378, 0.348477, 0.375691, 0.403942, 0.433139, 0.463177, 0.493937, 0.525285, 0.557077, 0.589152, 0.621341, 0.653464, 0.685331, 0.716746, 0.747508, 0.777412, 0.806252, 0.833825, 0.859928, 0.884368, 0.906958, 0.927523, 0.945900, 0.961941, 0.975517, 0.986515, 0.994846, 1.000438, 1.003246, 1.003246, 1.000438, 0.994846, 0.986516, 0.975517, 0.961942, 0.945901, 0.927524, 0.906960, 0.884370, 0.859930, 0.833826, 0.806254, 0.777414, 0.747510, 0.716748, 0.685333, 0.653466, 0.621343, 0.589154, 0.557079, 0.525287, 0.493939, 0.463179, 0.433141, 0.403943, 0.375692, 0.348479, 0.322380, 0.297459, 0.273766, 0.251341, 0.230209, 0.210387, 0.191881, 0.174689, 0.158803, 0.144206, 0.130879, 0.118798, 0.107935, 0.098264, 0.089756, 0.082382, 0.076117, 0.070936, 0.066818, 0.063746, 0.061706, 0.060688
0.063156, 0.064215, 0.066338, 0.069535, 0.073820, 0.079211, 0.085731, 0.093404, 0.102259, 0.112323, 0.123626, 0.136198, 0.150067, 0.165257, 0.181789, 0.199680, 0.218938, 0.239565, 0.261556, 0.284892, 0.309548, 0.335481, 0.362641, 0.390960, 0.420359, 0.450743, 0.482002, 0.514011, 0.546634, 0.579717, 0.613096, 0.646593, 0.680021, 0.713183, 0.745874, 0.777886, 0.809005, 0.839017, 0.867710, 0.894874, 0.920307, 0.943815, 0.965215, 0.984338, 1.001031, 1.015158, 1.026603, 1.035272, 1.041092, 1.044015, 1.044015, 1.041092, 1.035273, 1.026604, 1.015159, 1.001032, 0.984339, 0.965216, 0.943816, 0.920308, 0.894875, 0.867711, 0.839019, 0.809007, 0.777888, 0.745876, 0.713185, 0.680023, 0.646595, 0.613098, 0.579719, 0.546636, 0.514013, 0.482004, 0.450745, 0.420361, 0.390962, 0.362643, 0.335483, 0.309549, 0.284894, 0.261557, 0.239567, 0.218939, 0.199681, 0.181790, 0.165258, 0.150068, 0.136199, 0.123627, 0.112323, 0.102259, 0.093405, 0.085731, 0.079212, 0.073820, 0.069535, 0.066339, 0.064215, 0.063156
0.065501, 0.066599, 0.068801, 0.072117, 0.076561, 0.082152, 0.088914, 0.096872, 0.106054, 0.116492, 0.128214, 0.141253, 0.155637, 0.171391, 0.188536, 0.207091, 0.227063, 0.248456, 0.271262, 0.295465, 0.321035, 0.347930, 0.376098, 0.405468, 0.435958, 0.467468, 0.499887, 0.533084, 0.566917, 0.601227, 0.635844, 0.670584, 0.705252, 0.739644, 0.773549, 0.806748, 0.839021, 0.870146, 0.899903, 0.928075, 0.954451, 0.978830, 1.001024, 1.020857, 1.038169, 1.052821, 1.064690, 1.073681, 1.079717, 1.082747, 1.082748, 1.079717, 1.073681, 1.064691, 1.052821, 1.038170, 1.020858, 1.001025, 0.978832, 0.954452, 0.928076, 0.899905, 0.870148, 0.839023, 0.806750, 0.773550, 0.739646, 0.705254, 0.670586, 0.635846, 0.601229, 0.566919, 0.533086, 0.499889, 0.467470, 0.435960, 0.405470, 0.376100, 0.347932, 0.321036, 0.295466, 0.271264, 0.248457, 0.227064, 0.207092, 0.188537, 0.171392, 0.155638, 0.141254, 0.128215, 0.116492, 0.106055, 0.096872, 0.088914, 0.082152, 0.076561, 0.072117, 0.068802, 0.066600, 0.065501
0.067702, 0.068837, 0.071113, 0.074540, 0.079133, 0.084912, 0.091901, 0.100126, 0.109617, 0.120404, 0.132521, 0.145998, 0.160864, 0.177147, 0.194868, 0.214046, 0.234689, 0.256800, 0.280372, 0.305387, 0.331816, 0.359614, 0.388727, 0.419084, 0.450597, 0.483165, 0.516672, 0.550984, 0.585952, 0.621415, 0.657194, 0.693100, 0.728932, 0.764478, 0.799520, 0.833834, 0.867191, 0.899361, 0.930116, 0.959233, 0.986494, 1.011692, 1.034631, 1.055130, 1.073023, 1.088166, 1.100435, 1.109727, 1.115966, 1.119098, 1.119098, 1.115966, 1.109727, 1.100435, 1.088167, 1.073024, 1.055131, 1.034632, 1.011694, 0.986496, 0.959235, 0.930118, 0.899362, 0.867193, 0.833836, 0.799523, 0.764480, 0.728934, 0.693102, 0.657196, 0.621417, 0.585955, 0.550986, 0.516674, 0.483167, 0.450599, 0.419085, 0.388729, 0.359616, 0.331817, 0.305389, 0.280374, 0.256801, 0.234690, 0.214047, 0.194870, 0.177148, 0.160865, 0.145999, 0.132522, 0.120405, 0.109617, 0.100126, 0.091901, 0.084912, 0.079133, 0.074540, 0.071113, 0.068837, 0.067702
0.069738, 0.070908, 0.073252, 0.076782, 0.081513, 0.087466, 0.094665, 0.103137, 0.112913, 0.124025, 0.136506, 0.150388, 0.165701, 0.182473, 0.200728, 0.220481, 0.241745, 0.264521, 0.288801, 0.314568, 0.341791, 0.370425, 0.400413, 0.431682, 0.464142, 0.497689, 0.532203, 0.567546, 0.603565, 0.640093, 0.676948, 0.713933, 0.750841, 0.787456, 0.823552, 0.858896, 0.893255, 0.926391, 0.958071, 0.988063, 1.016143, 1.042098, 1.065726, 1.086841, 1.105272, 1.120870, 1.133508, 1.143080, 1.149505, 1.152732, 1.152732, 1.149506, 1.143080, 1.133509, 1.120871, 1.105273, 1.086842, 1.065728, 1.042100, 1.016144, 0.988064, 0.958073, 0.926393, 0.893257, 0.858898, 0.823554, 0.787458, 0.750844, 0.713935, 0.676950, 0.640096, 0.603568, 0.567548, 0.532205, 0.497691, 0.464144, 0.431684, 0.400415, 0.370427, 0.341793, 0.314570, 0.288803, 0.264522, 0.241746, 0.220483, 0.200729, 0.182475, 0.165702, 0.150389, 0.136507, 0.124026, 0.112914, 0.103137, 0.094665, 0.087466, 0.081513, 0.076782, 0.073252, 0.070908, 0.069738
0.071592, 0.072792, 0.075199, 0.078822, 0.083679, 0.089790, 0.097179, 0.105877, 0.115912, 0.127319, 0.140132, 0.154382, 0.170102, 0.187320, 0.206059, 0.226337, 0.248165, 0.271545, 0.296470, 0.322921, 0.350867, 0.380261, 0.411045, 0.443144, 0.476465, 0.510903, 0.546333, 0.582614, 0.619590, 0.657088, 0.694920, 0.732887, 0.770775, 0.808362, 0.845415, 0.881698, 0.916968, 0.950984, 0.983504, 1.014292, 1.043117, 1.069762, 1.094017, 1.115692, 1.134612, 1.150624, 1.163598, 1.173423, 1.180020, 1.183332, 1.183332, 1.180020, 1.173423, 1.163598, 1.150625, 1.134613, 1.115693, 1.094018, 1.069763, 1.043119, 1.014293, 0.983506, 0.950986, 0.916970, 0.881700, 0.845417, 0.808364, 0.770778, 0.732889, 0.694923, 0.657090, 0.619592, 0.582616, 0.546335, 0.510906, 0.476467, 0.443146, 0.411047, 0.380263, 0.350868, 0.322923, 0.296472, 0.271547, 0.248166, 0.226338, 0.206060, 0.187321, 0.170103, 0.154383, 0.140133, 0.127320, 0.115913, 0.105877, 0.097180, 0.089790, 0.083679, 0.078822, 0.075199, 0.072792, 0.071592
0.073243, 0.074471, 0.076933, 0.080640, 0.085609, 0.091861, 0.099421, 0.108318, 0.118585, 0.130255, 0.143363, 0.157942, 0.174025, 0.191639, 0.210810, 0.231555, 0.253886, 0.277806, 0.303305, 0.330366, 0.358956, 0.389027, 0.420521, 0.453359, 0.487449, 0.522680, 0.558926, 0.596044, 0.633871, 0.672233, 0.710938, 0.749780, 0.788541, 0.826993, 0.864901, 0.902019, 0.938102, 0.972901, 1.006170, 1.037667, 1.067157, 1.094415, 1.119230, 1.141404, 1.160761, 1.177142, 1.190414, 1.200466, 1.207215, 1.210603, 1.210603, 1.207215, 1.200466, 1.190415, 1.177143, 1.160762, 1.141405, 1.119232, 1.094417, 1.067159, 1.037669, 1.006172, 0.972903, 0.938104, 0.902021, 0.864903, 0.826996, 0.788543, 0.749782, 0.710940, 0.672236, 0.633874, 0.596046, 0.558928, 0.522682, 0.487451, 0.453361, 0.420523, 0.389029, 0.358957, 0.330368, 0.303307, 0.277807, 0.253888, 0.231556, 0.210811, 0.191640, 0.174026, 0.157943, 0.143364, 0.130256, 0.118586, 0.108319, 0.099421, 0.091861, 0.085609, 0.080641, 0.076934, 0.074472, 0.073243
0.074677, 0.075930, 0.078440, 0.082219, 0.087285, 0.093659, 0.101367, 0.110438, 0.120906, 0.132805, 0.146169, 0.161033, 0.177430, 0.195389, 0.214935, 0.236086, 0.258854, 0.283241, 0.309239, 0.336829, 0.365978, 0.396638, 0.428747, 0.462227, 0.496983, 0.532904, 0.569859, 0.607702, 0.646269, 0.685381, 0.724843, 0.764444, 0.803963, 0.843168, 0.881816, 0.919660, 0.956448, 0.991928, 1.025846, 1.057960, 1.088027, 1.115818, 1.141118, 1.163726, 1.183461, 1.200162, 1.213694, 1.223942, 1.230823, 1.234278, 1.234278, 1.230823, 1.223943, 1.213694, 1.200163, 1.183462, 1.163727, 1.141119, 1.115819, 1.088028, 1.057961, 1.025849, 0.991930, 0.956450, 0.919662, 0.881818, 0.843170, 0.803966, 0.764446, 0.724845, 0.685384, 0.646272, 0.607704, 0.569861, 0.532906, 0.496986, 0.462229, 0.428749, 0.396640, 0.365979, 0.336831, 0.309241, 0.283242, 0.258855, 0.236087, 0.214936, 0.195390, 0.177431, 0.161034, 0.146170, 0.132805, 0.120907, 0.110439, 0.101367, 0.093659, 0.087285, 0.082220, 0.078440, 0.075930, 0.074678
0.075880, 0.077152, 0.079702, 0.083543, 0.088690, 0.095166, 0.102998, 0.112215, 0.122851, 0.134941, 0.148520, 0.163624, 0.180284, 0.198532, 0.218392, 0.239883, 0.263017, 0.287796, 0.314212, 0.342246, 0.371863, 0.403016, 0.435641, 0.469659, 0.504974, 0.541472, 0.579021, 0.617472, 0.656660, 0.696401, 0.736496, 0.776734, 0.816888, 0.856723, 0.895993, 0.934445, 0.971824, 1.007874, 1.042338, 1.074967, 1.105516, 1.133755, 1.159461, 1.182433, 1.202486, 1.219456, 1.233204, 1.243618, 1.250609, 1.254120, 1.254120, 1.250610, 1.243618, 1.233204, 1.219456, 1.202487, 1.182434, 1.159463, 1.133757, 1.105518, 1.074969, 1.042339, 1.007876, 0.971826, 0.934447, 0.895995, 0.856725, 0.816891, 0.776736, 0.736499, 0.696403, 0.656662, 0.617475, 0.579023, 0.541474, 0.504976, 0.469661, 0.435643, 0.403018, 0.371865, 0.342248, 0.314214, 0.287798, 0.263018, 0.239884, 0.218393, 0.198533, 0.180285, 0.163625, 0.148521, 0.134942, 0.122852, 0.112216, 0.102998, 0.095167, 0.088690, 0.083543, 0.079703, 0.077152, 0.075880
0.076838, 0.078126, 0.080709, 0.084597, 0.089809, 0.096367, 0.104297, 0.113631, 0.124401, 0.136644, 0.150394, 0.165688, 0.182558, 0.201036, 0.221146, 0.242908, 0.266334, 0.291425, 0.318175, 0.346561, 0.376551, 0.408097, 0.441133, 0.475581, 0.511340, 0.548298, 0.586320, 0.625256, 0.664937, 0.705179, 0.745780, 0.786525, 0.827185, 0.867522, 0.907287, 0.946224, 0.984074, 1.020577, 1.055475, 1.088516, 1.119451, 1.148044, 1.174076, 1.197337, 1.217643, 1.234826, 1.248749, 1.259293, 1.266371, 1.269926, 1.269926, 1.266372, 1.259293, 1.248750, 1.234827, 1.217644, 1.197339, 1.174078, 1.148046, 1.119453, 1.088518, 1.055478, 1.020579, 0.984076, 0.946226, 0.907289, 0.867525, 0.827188, 0.786527, 0.745782, 0.705182, 0.664940, 0.625259, 0.586323, 0.548300, 0.511342, 0.475583, 0.441135, 0.408099, 0.376553, 0.346563, 0.318176, 0.291427, 0.266335, 0.242910, 0.221148, 0.201037, 0.182560, 0.165689, 0.150395, 0.136644, 0.124402, 0.113632, 0.104298, 0.096368, 0.089810, 0.084597, 0.080709, 0.078126, 0.076838
0.077541, 0.078842, 0.081448, 0.085372, 0.090632, 0.097249, 0.105252, 0.114671, 0.125540, 0.137894, 0.151771, 0.167204, 0.184229, 0.202876, 0.223170, 0.245130, 0.268770, 0.294091, 0.321085, 0.349731, 0.379995, 0.411829, 0.445168, 0.479929, 0.516016, 0.553311, 0.591681, 0.630973, 0.671017, 0.711627, 0.752599, 0.793716, 0.834748, 0.875454, 0.915582, 0.954875, 0.993073, 1.029910, 1.065127, 1.098469, 1.129688, 1.158543, 1.184811, 1.208288, 1.228779, 1.246118, 1.260169, 1.270810, 1.277953, 1.281540, 1.281540, 1.277953, 1.270811, 1.260170, 1.246119, 1.228780, 1.208289, 1.184813, 1.158544, 1.129690, 1.098471, 1.065129, 1.029912, 0.993075, 0.954878, 0.915585, 0.875457, 0.834751, 0.793719, 0.752601, 0.711629, 0.671020, 0.630976, 0.591684, 0.553313, 0.516018, 0.479932, 0.445170, 0.411831, 0.379997, 0.349733, 0.321086, 0.294092, 0.268771, 0.245132, 0.223171, 0.202877, 0.184230, 0.167205, 0.151772, 0.137895, 0.125541, 0.114672, 0.105253, 0.097250, 0.090632, 0.085372, 0.081448, 0.078842, 0.077541
0.077984, 0.079291, 0.081912, 0.085858, 0.091148, 0.097803, 0.105852, 0.115325, 0.126255, 0.138680, 0.152635, 0.168157, 0.185278, 0.204031, 0.224440, 0.246526, 0.270300, 0.295765, 0.322913, 0.351722, 0.382158, 0.414173, 0.447701, 0.482661, 0.518952, 0.556460, 0.595048, 0.634564, 0.674836, 0.715676, 0.756882, 0.798233, 0.839499, 0.880436, 0.920793, 0.960310, 0.998725, 1.035775, 1.071191, 1.104724, 1.136123, 1.165142, 1.191559, 1.215165, 1.235773, 1.253212, 1.267341, 1.278041, 1.285225, 1.288832, 1.288832, 1.285225, 1.278041, 1.267341, 1.253213, 1.235775, 1.215167, 1.191561, 1.165144, 1.136125, 1.104727, 1.071193, 1.035778, 0.998728, 0.960312, 0.920795, 0.880439, 0.839501, 0.798236, 0.756884, 0.715679, 0.674838, 0.634567, 0.595051, 0.556463, 0.518955, 0.482663, 0.447703, 0.414175, 0.382160, 0.351723, 0.322914, 0.295767, 0.270302, 0.246528, 0.224442, 0.204032, 0.185280, 0.168158, 0.152636, 0.138681, 0.126256, 0.115325, 0.105852, 0.097804, 0.091148, 0.085859, 0.081912, 0.079291, 0.077984
0.078159, 0.079470, 0.082097, 0.086052, 0.091353, 0.098024, 0.106090, 0.115585, 0.126540, 0.138993, 0.152979, 0.168536, 0.185696, 0.204490, 0.224945, 0.247081, 0.270908, 0.296430, 0.323638, 0.352512, 0.383017, 0.415104, 0.448708, 0.483746, 0.520119, 0.557711, 0.596386, 0.635991, 0.676354, 0.717286, 0.758584, 0.800029, 0.841387, 0.882417, 0.922864, 0.962470, 1.000972, 1.038103, 1.073601, 1.107208, 1.138675, 1.167759, 1.194234, 1.217893, 1.238546, 1.256023, 1.270182, 1.280906, 1.288106, 1.291721, 1.291721, 1.288106, 1.280907, 1.270183, 1.256024, 1.238547, 1.217894, 1.194236, 1.167760, 1.138677, 1.107211, 1.073604, 1.038105, 1.000974, 0.962473, 0.922866, 0.882419, 0.841390, 0.800031, 0.758587, 0.717289, 0.676357, 0.635993, 0.596389, 0.557714, 0.520121, 0.483748, 0.448710, 0.415106, 0.383019, 0.352514, 0.323640, 0.296432, 0.270910, 0.247082, 0.224947, 0.204491, 0.185697, 0.168537, 0.152980, 0.138994, 0.126541, 0.115585, 0.106091, 0.098024, 0.091354, 0.086052, 0.082097, 0.079470, 0.078160
0.078067, 0.079376, 0.081999, 0.085950, 0.091245, 0.097908, 0.105965, 0.115448, 0.126390, 0.138829, 0.152798, 0.168336, 0.185476, 0.204248, 0.224679, 0.246788, 0.270586, 0.296078, 0.323254, 0.352094, 0.382563, 0.414611, 0.448175, 0.483172, 0.519503, 0.557050, 0.595680, 0.635238, 0.675554, 0.716437, 0.757684, 0.799078, 0.840387, 0.881367, 0.921765, 0.961324, 0.999780, 1.036867, 1.072323, 1.105890, 1.137318, 1.166366, 1.192810, 1.216440, 1.237067, 1.254523, 1.268665, 1.279376, 1.286567, 1.290178, 1.290178, 1.286568, 1.279377, 1.268666, 1.254524, 1.237068, 1.216441, 1.192811, 1.166367, 1.137320, 1.105892, 1.072325, 1.036869, 0.999782, 0.961326, 0.921768, 0.881369, 0.840389, 0.799081, 0.757687, 0.716440, 0.675557, 0.635241, 0.595682, 0.557053, 0.519505, 0.483174, 0.448177, 0.414613, 0.382564, 0.352095, 0.323256, 0.296080, 0.270588, 0.246789, 0.224680, 0.204249, 0.185477, 0.168337, 0.152799, 0.138829, 0.126391, 0.115449, 0.105966, 0.097908, 0.091246, 0.085950, 0.082000, 0.079376, 0.078067
0.077707, 0.079010, 0.081622, 0.085554, 0.090825, 0.097457, 0.105477, 0.114916, 0.125808, 0.138189, 0.152094, 0.167560, 0.184621, 0.203306, 0.223643, 0.245650, 0.269339, 0.294712, 0.321763, 0.350470, 0.380798, 0.412699, 0.446109, 0.480944, 0.517108, 0.554484, 0.592936, 0.632310, 0.672437, 0.713131, 0.754188, 0.795390, 0.836507, 0.877297, 0.917508, 0.956883, 0.995160, 1.032076, 1.067369, 1.100780, 1.132062, 1.160975, 1.187297, 1.210817, 1.231349, 1.248724, 1.262801, 1.273463, 1.280620, 1.284214, 1.284214, 1.280620, 1.273463, 1.262802, 1.248725, 1.231350, 1.210819, 1.187298, 1.160977, 1.132064, 1.100782, 1.067371, 1.032078, 0.995162, 0.956885, 0.917510, 0.877299, 0.836509, 0.795393, 0.754190, 0.713134, 0.672440, 0.632313, 0.592938, 0.554486, 0.517110, 0.480946, 0.446111, 0.412701, 0.380800, 0.350472, 0.321765, 0.294714, 0.269340, 0.245651, 0.223644, 0.203308, 0.184622, 0.167561, 0.152095, 0.138190, 0.125809, 0.114917, 0.105478, 0.097457, 0.090825, 0.085554, 0.081622, 0.079010, 0.077707
0.077084, 0.078376, 0.080967, 0.084868, 0.090096, 0.096675, 0.104631, 0.113994, 0.124799, 0.137080, 0.150873, 0.166215, 0.183139, 0.201674, 0.221847, 0.243677, 0.267176, 0.292346, 0.319180, 0.347656, 0.377742, 0.409387, 0.442529, 0.477085, 0.512959, 0.550033, 0.588175, 0.627232, 0.667037, 0.707402, 0.748129, 0.788999, 0.829785, 0.870246, 0.910134, 0.949192, 0.987161, 1.023780, 1.058787, 1.091930, 1.122960, 1.151642, 1.177751, 1.201082, 1.221449, 1.238684, 1.252648, 1.263223, 1.270323, 1.273889, 1.273889, 1.270324, 1.263224, 1.252648, 1.238685, 1.221450, 1.201084, 1.177752, 1.151643, 1.122962, 1.091932, 1.058790, 1.023782, 0.987163, 0.949194, 0.910136, 0.870249, 0.829787, 0.789002, 0.748131, 0.707405, 0.667039, 0.627235, 0.588177, 0.550036, 0.512961, 0.477087, 0.442531, 0.409389, 0.377744, 0.347658, 0.319182, 0.292348, 0.267178, 0.243679, 0.221849, 0.201675, 0.183140, 0.166216, 0.150874, 0.137081, 0.124799, 0.113995, 0.104631, 0.096676, 0.090097, 0.084868, 0.080967, 0.078376, 0.077084
0.076203, 0.077480, 0.080041, 0.083898, 0.089067, 0.095570, 0.103435, 0.112691, 0.123372, 0.135513, 0.149149, 0.164315, 0.181045, 0.199368, 0.219310, 0.240891, 0.264121, 0.289003, 0.315530, 0.343681, 0.373422, 0.404706, 0.437469, 0.471629, 0.507092, 0.543742, 0.581446, 0.620056, 0.659405, 0.699308, 0.739568, 0.779970, 0.820288, 0.860286, 0.899716, 0.938327, 0.975861, 1.012060, 1.046667, 1.079430, 1.110104, 1.138457, 1.164268, 1.187332, 1.207464, 1.224503, 1.238306, 1.248761, 1.255779, 1.259304, 1.259304, 1.255780, 1.248761, 1.238307, 1.224504, 1.207466, 1.187333, 1.164269, 1.138458, 1.110106, 1.079432, 1.046669, 1.012062, 0.975863, 0.938329, 0.899719, 0.860288, 0.820291, 0.779972, 0.739570, 0.699311, 0.659407, 0.620059, 0.581449, 0.543744, 0.507094, 0.471631, 0.437471, 0.404708, 0.373424, 0.343683, 0.315532, 0.289005, 0.264122, 0.240892, 0.219312, 0.199369, 0.181046, 0.164316, 0.149149, 0.135513, 0.123373, 0.112692, 0.103435, 0.095571, 0.089067, 0.083898, 0.080042, 0.077480, 0.076203
0.075073, 0.076331, 0.078855, 0.082654, 0.087746, 0.094153, 0.101901, 0.111020, 0.121542, 0.133503, 0.146936, 0.161877, 0.178359, 0.196411, 0.216057, 0.237317, 0.260203, 0.284716, 0.310850, 0.338584, 0.367884, 0.398703, 0.430978, 0.464632, 0.499567, 0.535673, 0.572818, 0.610854, 0.649618, 0.688928, 0.728590, 0.768392, 0.808112, 0.847515, 0.886360, 0.924397, 0.961373, 0.997034, 1.031126, 1.063403, 1.093622, 1.121553, 1.146980, 1.169701, 1.189536, 1.206321, 1.219919, 1.230219, 1.237133, 1.240605, 1.240605, 1.237134, 1.230219, 1.219920, 1.206322, 1.189537, 1.169703, 1.146982, 1.121555, 1.093623, 1.063405, 1.031129, 0.997036, 0.961375, 0.924399, 0.886362, 0.847517, 0.808114, 0.768395, 0.728593, 0.688931, 0.649620, 0.610856, 0.572820, 0.535675, 0.499570, 0.464634, 0.430980, 0.398705, 0.367886, 0.338585, 0.310852, 0.284718, 0.260204, 0.237319, 0.216058, 0.196412, 0.178360, 0.161878, 0.146937, 0.133504, 0.121543, 0.111021, 0.101902, 0.094153, 0.087746, 0.082654, 0.078855, 0.076332, 0.075073
0.073705, 0.074941, 0.077418, 0.081148, 0.086148, 0.092438, 0.100045, 0.108997, 0.119328, 0.131070, 0.144259, 0.158928, 0.175109, 0.192832, 0.212120, 0.232993, 0.255461, 0.279529, 0.305187, 0.332415, 0.361180, 0.391437, 0.423123, 0.456162, 0.490461, 0.525907, 0.562374, 0.599717, 0.637774, 0.676367, 0.715305, 0.754381, 0.793376, 0.832061, 0.870197, 0.907539, 0.943840, 0.978851, 1.012321, 1.044009, 1.073676, 1.101099, 1.126062, 1.148369, 1.167841, 1.184320, 1.197670, 1.207782, 1.214570, 1.217979, 1.217979, 1.214571, 1.207782, 1.197671, 1.184321, 1.167842, 1.148370, 1.126063, 1.101100, 1.073678, 1.044011, 1.012323, 0.978853, 0.943843, 0.907541, 0.870199, 0.832063, 0.793379, 0.754384, 0.715308, 0.676370, 0.637776, 0.599719, 0.562377, 0.525910, 0.490463, 0.456164, 0.423125, 0.391438, 0.361182, 0.332416, 0.305189, 0.279530, 0.255463, 0.232994, 0.212121, 0.192833, 0.175110, 0.158929, 0.144260, 0.131071, 0.119329, 0.108998, 0.100045, 0.092438, 0.086148, 0.081148, 0.077418, 0.074941, 0.073705
0.072114, 0.073323, 0.075746, 0.079396, 0.084287, 0.090441, 0.097884, 0.106643, 0.116751, 0.128239, 0.141143, 0.155495, 0.171326, 0.188666, 0.207538, 0.227960, 0.249943, 0.273491, 0.298594, 0.325233, 0.353376, 0.382979, 0.413980, 0.446305, 0.479861, 0.514542, 0.550220, 0.586755, 0.623989, 0.661748, 0.699844, 0.738076, 0.776227, 0.814075, 0.851386, 0.887921, 0.923437, 0.957690, 0.990437, 1.021439, 1.050465, 1.077295, 1.101718, 1.123543, 1.142594, 1.158716, 1.171778, 1.181671, 1.188313, 1.191648, 1.191648, 1.188313, 1.181672, 1.171779, 1.158717, 1.142595, 1.123544, 1.101719, 1.077296, 1.050467, 1.021441, 0.990439, 0.957692, 0.923439, 0.887923, 0.851388, 0.814077, 0.776230, 0.738078, 0.699847, 0.661751, 0.623991, 0.586757, 0.550222, 0.514544, 0.479863, 0.446307, 0.413982, 0.382981, 0.353378, 0.325235, 0.298596, 0.273492, 0.249945, 0.227961, 0.207539, 0.188667, 0.171327, 0.155496, 0.141144, 0.128240, 0.116751, 0.106644, 0.097884, 0.090442, 0.084287, 0.079396, 0.075747, 0.073323, 0.072114
0.070313, 0.071492, 0.073855, 0.077413, 0.082183, 0.088183, 0.095440, 0.103980, 0.113835, 0.125037, 0.137618, 0.151611, 0.167047, 0.183954, 0.202354, 0.222267, 0.243702, 0.266661, 0.291137, 0.317110, 0.344550, 0.373412, 0.403638, 0.435155, 0.467873, 0.501687, 0.536473, 0.572095, 0.608399, 0.645214, 0.682358, 0.719634, 0.756832, 0.793733, 0.830112, 0.865734, 0.900362, 0.933758, 0.965687, 0.995914, 1.024215, 1.050373, 1.074186, 1.095465, 1.114040, 1.129760, 1.142495, 1.152141, 1.158617, 1.161868, 1.161869, 1.158617, 1.152141, 1.142496, 1.129761, 1.114041, 1.095467, 1.074187, 1.050375, 1.024216, 0.995916, 0.965688, 0.933760, 0.900364, 0.865736, 0.830114, 0.793736, 0.756834, 0.719636, 0.682361, 0.645216, 0.608401, 0.572098, 0.536475, 0.501689, 0.467875, 0.435157, 0.403640, 0.373414, 0.344551, 0.317112, 0.291138, 0.266662, 0.243703, 0.222268, 0.202355, 0.183955, 0.167048, 0.151612, 0.137619, 0.125037, 0.113836, 0.103981, 0.095440, 0.088184, 0.082183, 0.077414, 0.073855, 0.071492, 0.070313
0.068322, 0.069467, 0.071763, 0.075220, 0.079854, 0.085685, 0.092736, 0.101034, 0.110610, 0.121494, 0.133719, 0.147315, 0.162314, 0.178741, 0.196620, 0.215968, 0.236796, 0.259105, 0.282886, 0.308123, 0.334785, 0.362829, 0.392198, 0.422821, 0.454611, 0.487466, 0.521266, 0.555878, 0.591152, 0.626924, 0.663015, 0.699233, 0.735376, 0.771232, 0.806578, 0.841190, 0.874836, 0.907285, 0.938308, 0.967678, 0.995176, 1.020593, 1.043731, 1.064407, 1.082455, 1.097729, 1.110103, 1.119475, 1.125768, 1.128927, 1.128927, 1.125768, 1.119476, 1.110104, 1.097730, 1.082456, 1.064408, 1.043732, 1.020594, 0.995178, 0.967680, 0.938310, 0.907287, 0.874838, 0.841192, 0.806581, 0.771234, 0.735378, 0.699235, 0.663017, 0.626926, 0.591154, 0.555880, 0.521268, 0.487468, 0.454613, 0.422823, 0.392200, 0.362830, 0.334786, 0.308125, 0.282888, 0.259106, 0.236797, 0.215970, 0.196621, 0.178742, 0.162315, 0.147316, 0.133719, 0.121495, 0.110610, 0.101035, 0.092736, 0.085685, 0.079855, 0.075221, 0.071763, 0.069467, 0.068322
0.066157, 0.067266, 0.069489, 0.072837, 0.077324, 0.082970, 0.089797, 0.097833, 0.107105, 0.117644, 0.129481, 0.142647, 0.157170, 0.173077, 0.190389, 0.209124, 0.229291, 0.250893, 0.273921, 0.298357, 0.324174, 0.351329, 0.379767, 0.409419, 0.440201, 0.472013, 0.504742, 0.538257, 0.572412, 0.607050, 0.641996, 0.677066, 0.712063, 0.746782, 0.781008, 0.814522, 0.847101, 0.878521, 0.908560, 0.936998, 0.963624, 0.988235, 1.010639, 1.030659, 1.048135, 1.062925, 1.074907, 1.083982, 1.090075, 1.093134, 1.093134, 1.090075, 1.083983, 1.074907, 1.062926, 1.048136, 1.030661, 1.010640, 0.988236, 0.963626, 0.937000, 0.908562, 0.878523, 0.847103, 0.814524, 0.781010, 0.746784, 0.712065, 0.677068, 0.641998, 0.607052, 0.572415, 0.538259, 0.504744, 0.472015, 0.440203, 0.409421, 0.379768, 0.351330, 0.324175, 0.298359, 0.273922, 0.250894, 0.229293, 0.209125, 0.190390, 0.173078, 0.157171, 0.142648, 0.129482, 0.117645, 0.107106, 0.097833, 0.089798, 0.082970, 0.077325, 0.072837, 0.069490, 0.067266, 0.066157
0.063840, 0.064910, 0.067056, 0.070286, 0.074616, 0.080064, 0.086652, 0.094406, 0.103353, 0.113523, 0.124946, 0.137650, 0.151664, 0.167013, 0.183719, 0.201797, 0.221257, 0.242102, 0.264323, 0.287904, 0.312815, 0.339018, 0.366459, 0.395072, 0.424775, 0.455473, 0.487054, 0.519394, 0.552353, 0.585776, 0.619498, 0.653338, 0.687109, 0.720610, 0.753636, 0.785975, 0.817413, 0.847731, 0.876717, 0.904159, 0.929851, 0.953599, 0.975217, 0.994536, 1.011399, 1.025671, 1.037233, 1.045990, 1.051869, 1.054821, 1.054821, 1.051869, 1.045990, 1.037233, 1.025672, 1.011400, 0.994537, 0.975219, 0.953600, 0.929852, 0.904160, 0.876719, 0.847733, 0.817415, 0.785977, 0.753638, 0.720612, 0.687111, 0.653340, 0.619500, 0.585778, 0.552355, 0.519396, 0.487056, 0.455475, 0.424777, 0.395074, 0.366461, 0.339020, 0.312817, 0.287905, 0.264325, 0.242103, 0.221259, 0.201798, 0.183720, 0.167014, 0.151665, 0.137651, 0.124946, 0.113524, 0.103354, 0.094406, 0.086652, 0.080064, 0.074616, 0.070286, 0.067056, 0.064910, 0.063840
0.061391, 0.062420, 0.064483, 0.067590, 0.071754, 0.076992, 0.083328, 0.090784, 0.099388, 0.109168, 0.120152, 0.132369, 0.145845, 0.160605, 0.176670, 0.194054, 0.212768, 0.232812, 0.254180, 0.276856, 0.300811, 0.326009, 0.352397, 0.379911, 0.408474, 0.437993, 0.468362, 0.499461, 0.531154, 0.563295, 0.595722, 0.628263, 0.660738, 0.692953, 0.724711, 0.755809, 0.786039, 0.815194, 0.843067, 0.869455, 0.894161, 0.916997, 0.937786, 0.956363, 0.972579, 0.986302, 0.997421, 1.005841, 1.011495, 1.014333, 1.014333, 1.011495, 1.005842, 0.997421, 0.986303, 0.972580, 0.956364, 0.937787, 0.916999, 0.894163, 0.869457, 0.843069, 0.815196, 0.786041, 0.755811, 0.724713, 0.692955, 0.660740, 0.628265, 0.595724, 0.563297, 0.531156, 0.499463, 0.468364, 0.437995, 0.408476, 0.379913, 0.352398, 0.326010, 0.300813, 0.276857, 0.254182, 0.232813, 0.212769, 0.194055, 0.176671, 0.160606, 0.145846, 0.132370, 0.120153, 0.109168, 0.099389, 0.090785, 0.083328, 0.076993, 0.071754, 0.067590, 0.064484, 0.062420, 0.061391
0.058832, 0.059818, 0.061795, 0.064772, 0.068762, 0.073783, 0.079854, 0.087000, 0.095245, 0.104617, 0.115143, 0.126850, 0.139764, 0.153909, 0.169303, 0.185963, 0.203896, 0.223104, 0.243581, 0.265311, 0.288267, 0.312414, 0.337702, 0.364068, 0.391440, 0.419728, 0.448830, 0.478632, 0.509003, 0.539803, 0.570878, 0.602062, 0.633182, 0.664053, 0.694487, 0.724287, 0.753256, 0.781195, 0.807905, 0.833193, 0.856868, 0.878752, 0.898673, 0.916475, 0.932015, 0.945165, 0.955820, 0.963889, 0.969307, 0.972027, 0.972027, 0.969307, 0.963890, 0.955820, 0.945166, 0.932015, 0.916476, 0.898674, 0.878753, 0.856869, 0.833194, 0.807907, 0.781197, 0.753258, 0.724289, 0.694489, 0.664055, 0.633183, 0.602064, 0.570880, 0.539805, 0.509005, 0.478634, 0.448832, 0.419730, 0.391442, 0.364070, 0.337703, 0.312415, 0.288269, 0.265312, 0.243582, 0.223105, 0.203897, 0.185964, 0.169304, 0.153910, 0.139765, 0.126851, 0.115143, 0.104617, 0.095245, 0.087000, 0.079855, 0.073783, 0.068763, 0.064773, 0.061796, 0.059818, 0.058832
0.056185, 0.057127, 0.059015, 0.061858, 0.065668, 0.070462, 0.076260, 0.083084, 0.090958, 0.099908, 0.109960, 0.121141, 0.133474, 0.146981, 0.161683, 0.177592, 0.194718, 0.213061, 0.232616, 0.253368, 0.275291, 0.298350, 0.322499, 0.347679, 0.373818, 0.400832, 0.428625, 0.457084, 0.486088, 0.515501, 0.545176, 0.574957, 0.604675, 0.634157, 0.663220, 0.691679, 0.719343, 0.746024, 0.771531, 0.795680, 0.818289, 0.839188, 0.858212, 0.875212, 0.890052, 0.902611, 0.912785, 0.920491, 0.925665, 0.928263, 0.928263, 0.925665, 0.920492, 0.912786, 0.902611, 0.890053, 0.875213, 0.858213, 0.839189, 0.818291, 0.795681, 0.771533, 0.746026, 0.719345, 0.691680, 0.663222, 0.634159, 0.604677, 0.574959, 0.545178, 0.515503, 0.486090, 0.457086, 0.428626, 0.400834, 0.373820, 0.347681, 0.322501, 0.298352, 0.275292, 0.253369, 0.232617, 0.213062, 0.194719, 0.177593, 0.161684, 0.146982, 0.133475, 0.121142, 0.109961, 0.099909, 0.090959, 0.083085, 0.076261, 0.070463, 0.065668, 0.061858, 0.059015, 0.057127, 0.056185
0.053471, 0.054367, 0.056164, 0.058869, 0.062496, 0.067058, 0.072576, 0.079070, 0.086564, 0.095081, 0.104648, 0.115288, 0.127025, 0.139880, 0.153871, 0.169011, 0.185309, 0.202766, 0.221376, 0.241124, 0.261988, 0.283933, 0.306915, 0.330878, 0.355754, 0.381463, 0.407911, 0.434995, 0.462597, 0.490589, 0.518830, 0.547171, 0.575453, 0.603510, 0.631168, 0.658251, 0.684579, 0.709970, 0.734244, 0.757226, 0.778742, 0.798630, 0.816735, 0.832914, 0.847036, 0.858988, 0.868670, 0.876004, 0.880928, 0.883400, 0.883400, 0.880928, 0.876004, 0.868671, 0.858988, 0.847037, 0.832914, 0.816736, 0.798631, 0.778744, 0.757227, 0.734246, 0.709971, 0.684580, 0.658253, 0.631170, 0.603512, 0.575455, 0.547173, 0.518832, 0.490591, 0.462599, 0.434997, 0.407913, 0.381464, 0.355755, 0.330880, 0.306917, 0.283935, 0.261990, 0.241126, 0.221377, 0.202767, 0.185310, 0.169012, 0.153872, 0.139881, 0.127026, 0.115289, 0.104649, 0.095082, 0.086564, 0.079071, 0.072577, 0.067059, 0.062496, 0.058870, 0.056164, 0.054367, 0.053471
