0.000619, 0.000655, 0.000728, 0.000840, 0.000995, 0.001199, 0.001459, 0.001782, 0.002177, 0.002656, 0.003231, 0.003917, 0.004728, 0.005681, 0.006794, 0.008086, 0.009578, 0.011289, 0.013240, 0.015451, 0.017943, 0.020733, 0.023838, 0.027272, 0.031047, 0.035168, 0.039638, 0.044455, 0.049609, 0.055086, 0.060864, 0.066914, 0.073199, 0.079676, 0.086295, 0.093000, 0.099727, 0.106408, 0.112973, 0.119345, 0.125450, 0.131212, 0.136554, 0.141408, 0.145705, 0.149385, 0.152397, 0.154695, 0.156246, 0.157028, 0.157028, 0.156247, 0.154695, 0.152397, 0.149386, 0.145705, 0.141408, 0.136555, 0.131212, 0.125451, 0.119346, 0.112973, 0.106408, 0.099727, 0.093000, 0.086296, 0.079676, 0.073199, 0.066914, 0.060864, 0.055087, 0.049610, 0.044455, 0.039639, 0.035168, 0.031047, 0.027273, 0.023838, 0.020733, 0.017943, 0.015451, 0.013240, 0.011289, 0.009578, 0.008086, 0.006794, 0.005681, 0.004728, 0.003917, 0.003231, 0.002656, 0.002177, 0.001782, 0.001459, 0.001199, 0.000995, 0.000840, 0.000728, 0.000655, 0.000619
0.000731, 0.000773, 0.000859, 0.000992, 0.001175, 0.001416, 0.001723, 0.002104, 0.002571, 0.003137, 0.003816, 0.004626, 0.005583, 0.006709, 0.008023, 0.009549, 0.011311, 0.013331, 0.015635, 0.018247, 0.021189, 0.024484, 0.028151, 0.032206, 0.036664, 0.041530, 0.046809, 0.052497, 0.058584, 0.065052, 0.071875, 0.079019, 0.086441, 0.094090, 0.101906, 0.109824, 0.117767, 0.125658, 0.133409, 0.140935, 0.148144, 0.154948, 0.161257, 0.166988, 0.172063, 0.176409, 0.179965, 0.182679, 0.184511, 0.185434, 0.185434, 0.184511, 0.182679, 0.179965, 0.176409, 0.172063, 0.166989, 0.161257, 0.154948, 0.148145, 0.140935, 0.133410, 0.125658, 0.117768, 0.109824, 0.101907, 0.094090, 0.086441, 0.079019, 0.071875, 0.065052, 0.058585, 0.052498, 0.046810, 0.041531, 0.036664, 0.032207, 0.028151, 0.024484, 0.021189, 0.018247, 0.015635, 0.013331, 0.011311, 0.009549, 0.008023, 0.006709, 0.005583, 0.004626, 0.003816, 0.003137, 0.002571, 0.002104, 0.001723, 0.001416, 0.001175, 0.000992, 0.000859, 0.000773, 0.000731
0.000859, 0.000909, 0.001009, 0.001165, 0.001381, 0.001664, 0.002024, 0.002471, 0.003020, 0.003684, 0.004482, 0.005433, 0.006558, 0.007880, 0.009424, 0.011216, 0.013285, 0.015658, 0.018364, 0.021432, 0.024888, 0.028758, 0.033065, 0.037829, 0.043064, 0.048780, 0.054980, 0.061661, 0.068811, 0.076407, 0.084421, 0.092812, 0.101529, 0.110514, 0.119695, 0.128994, 0.138324, 0.147591, 0.156696, 0.165535, 0.174003, 0.181994, 0.189405, 0.196136, 0.202096, 0.207201, 0.211378, 0.214566, 0.216718, 0.217801, 0.217802, 0.216718, 0.214566, 0.211378, 0.207201, 0.202097, 0.196137, 0.189405, 0.181994, 0.174004, 0.165536, 0.156697, 0.147592, 0.138325, 0.128994, 0.119695, 0.110514, 0.101530, 0.092812, 0.084422, 0.076408, 0.068811, 0.061662, 0.054981, 0.048780, 0.043064, 0.037829, 0.033065, 0.028758, 0.024888, 0.021432, 0.018365, 0.015658, 0.013285, 0.011217, 0.009424, 0.007880, 0.006558, 0.005433, 0.004482, 0.003684, 0.003020, 0.002471, 0.002024, 0.001664, 0.001381, 0.001165, 0.001009, 0.000909, 0.000859
0.001004, 0.001061, 0.001179, 0.001361, 0.001613, 0.001944, 0.002364, 0.002887, 0.003528, 0.004304, 0.005237, 0.006347, 0.007661, 0.009206, 0.011009, 0.013104, 0.015520, 0.018293, 0.021454, 0.025038, 0.029075, 0.033596, 0.038628, 0.044193, 0.050309, 0.056987, 0.064230, 0.072035, 0.080387, 0.089262, 0.098624, 0.108426, 0.118610, 0.129106, 0.139832, 0.150695, 0.161595, 0.172421, 0.183058, 0.193384, 0.203276, 0.212611, 0.221268, 0.229132, 0.236095, 0.242059, 0.246938, 0.250662, 0.253176, 0.254442, 0.254442, 0.253176, 0.250662, 0.246938, 0.242059, 0.236095, 0.229133, 0.221269, 0.212611, 0.203276, 0.193384, 0.183058, 0.172422, 0.161595, 0.150696, 0.139832, 0.129107, 0.118611, 0.108427, 0.098625, 0.089263, 0.080388, 0.072036, 0.064231, 0.056987, 0.050309, 0.044193, 0.038628, 0.033597, 0.029075, 0.025038, 0.021454, 0.018293, 0.015521, 0.013104, 0.011010, 0.009206, 0.007661, 0.006347, 0.005237, 0.004304, 0.003528, 0.002887, 0.002364, 0.001944, 0.001613, 0.001361, 0.001179, 0.001061, 0.001004
0.001166, 0.001233, 0.001370, 0.001581, 0.001874, 0.002259, 0.002747, 0.003355, 0.004099, 0.005001, 0.006085, 0.007375, 0.008902, 0.010697, 0.012793, 0.015226, 0.018034, 0.021256, 0.024929, 0.029093, 0.033784, 0.039037, 0.044884, 0.051350, 0.058457, 0.066216, 0.074633, 0.083702, 0.093406, 0.103718, 0.114596, 0.125986, 0.137819, 0.150014, 0.162476, 0.175099, 0.187764, 0.200343, 0.212702, 0.224700, 0.236194, 0.247041, 0.257100, 0.266237, 0.274327, 0.281257, 0.286926, 0.291253, 0.294174, 0.295646, 0.295646, 0.294174, 0.291254, 0.286927, 0.281257, 0.274328, 0.266238, 0.257101, 0.247042, 0.236195, 0.224701, 0.212703, 0.200344, 0.187765, 0.175100, 0.162477, 0.150015, 0.137820, 0.125986, 0.114597, 0.103719, 0.093407, 0.083702, 0.074633, 0.066216, 0.058457, 0.051351, 0.044884, 0.039038, 0.033784, 0.029093, 0.024929, 0.021256, 0.018034, 0.015226, 0.012793, 0.010697, 0.008902, 0.007375, 0.006085, 0.005002, 0.004099, 0.003355, 0.002747, 0.002259, 0.001874, 0.001581, 0.001370, 0.001233, 0.001166
0.001348, 0.001425, 0.001583, 0.001827, 0.002166, 0.002610, 0.003175, 0.003877, 0.004738, 0.005780, 0.007032, 0.008524, 0.010288, 0.012362, 0.014784, 0.017597, 0.020842, 0.024565, 0.028810, 0.033622, 0.039044, 0.045115, 0.051872, 0.059345, 0.067558, 0.076525, 0.086252, 0.096733, 0.107948, 0.119865, 0.132437, 0.145600, 0.159275, 0.173369, 0.187771, 0.202358, 0.216995, 0.231533, 0.245815, 0.259681, 0.272964, 0.285499, 0.297125, 0.307684, 0.317034, 0.325042, 0.331594, 0.336595, 0.339971, 0.341671, 0.341671, 0.339971, 0.336595, 0.331595, 0.325043, 0.317035, 0.307685, 0.297125, 0.285500, 0.272965, 0.259682, 0.245816, 0.231533, 0.216996, 0.202359, 0.187772, 0.173369, 0.159276, 0.145600, 0.132438, 0.119866, 0.107949, 0.096734, 0.086253, 0.076526, 0.067558, 0.059346, 0.051873, 0.045116, 0.039044, 0.033623, 0.028811, 0.024565, 0.020842, 0.017597, 0.014785, 0.012362, 0.010288, 0.008524, 0.007032, 0.005780, 0.004738, 0.003877, 0.003175, 0.002610, 0.002166, 0.001828, 0.001583, 0.001425, 0.001348
0.001549, 0.001639, 0.001820, 0.002101, 0.002490, 0.003000, 0.003649, 0.004457, 0.005446, 0.006644, 0.008083, 0.009798, 0.011826, 0.014210, 0.016994, 0.020227, 0.023957, 0.028237, 0.033117, 0.038648, 0.044880, 0.051858, 0.059625, 0.068215, 0.077655, 0.087962, 0.099143, 0.111190, 0.124082, 0.137780, 0.152230, 0.167360, 0.183079, 0.199278, 0.215833, 0.232600, 0.249424, 0.266134, 0.282552, 0.298489, 0.313758, 0.328166, 0.341529, 0.353667, 0.364413, 0.373618, 0.381149, 0.386897, 0.390777, 0.392732, 0.392732, 0.390778, 0.386898, 0.381150, 0.373619, 0.364414, 0.353667, 0.341529, 0.328167, 0.313759, 0.298490, 0.282553, 0.266135, 0.249425, 0.232601, 0.215834, 0.199279, 0.183080, 0.167361, 0.152231, 0.137781, 0.124082, 0.111191, 0.099144, 0.087963, 0.077655, 0.068215, 0.059626, 0.051859, 0.044880, 0.038648, 0.033117, 0.028237, 0.023958, 0.020227, 0.016995, 0.014210, 0.011826, 0.009798, 0.008083, 0.006644, 0.005446, 0.004457, 0.003649, 0.003001, 0.002490, 0.002101, 0.001820, 0.001639, 0.001549
0.001771, 0.001873, 0.002081, 0.002402, 0.002847, 0.003430, 0.004172, 0.005095, 0.006226, 0.007596, 0.009241, 0.011202, 0.013520, 0.016246, 0.019429, 0.023125, 0.027390, 0.032282, 0.037861, 0.044184, 0.051309, 0.059288, 0.068167, 0.077987, 0.088779, 0.100563, 0.113345, 0.127118, 0.141856, 0.157517, 0.174036, 0.191333, 0.209304, 0.227824, 0.246750, 0.265919, 0.285152, 0.304256, 0.323025, 0.341246, 0.358701, 0.375174, 0.390450, 0.404326, 0.416613, 0.427136, 0.435746, 0.442317, 0.446753, 0.448987, 0.448987, 0.446753, 0.442317, 0.435746, 0.427137, 0.416613, 0.404327, 0.390451, 0.375175, 0.358702, 0.341247, 0.323026, 0.304257, 0.285154, 0.265920, 0.246751, 0.227825, 0.209305, 0.191335, 0.174038, 0.157517, 0.141857, 0.127119, 0.113346, 0.100564, 0.088780, 0.077988, 0.068167, 0.059288, 0.051310, 0.044185, 0.037861, 0.032282, 0.027390, 0.023125, 0.019429, 0.016246, 0.013521, 0.011202, 0.009242, 0.007596, 0.006226, 0.005095, 0.004172, 0.003430, 0.002847, 0.002402, 0.002081, 0.001873, 0.001771
0.002014, 0.002130, 0.002366, 0.002731, 0.003237, 0.003901, 0.004744, 0.005794, 0.007080, 0.008638, 0.010508, 0.012737, 0.015374, 0.018473, 0.022093, 0.026295, 0.031144, 0.036707, 0.043051, 0.050242, 0.058343, 0.067415, 0.077511, 0.088677, 0.100949, 0.114348, 0.128883, 0.144543, 0.161301, 0.179108, 0.197892, 0.217560, 0.237994, 0.259052, 0.280572, 0.302369, 0.324238, 0.345961, 0.367302, 0.388021, 0.407868, 0.426598, 0.443968, 0.459747, 0.473717, 0.485682, 0.495472, 0.502944, 0.507988, 0.510529, 0.510529, 0.507988, 0.502945, 0.495473, 0.485683, 0.473718, 0.459748, 0.443969, 0.426599, 0.407870, 0.388022, 0.367304, 0.345962, 0.324240, 0.302370, 0.280573, 0.259053, 0.237995, 0.217561, 0.197894, 0.179109, 0.161302, 0.144544, 0.128884, 0.114349, 0.100950, 0.088678, 0.077512, 0.067415, 0.058343, 0.050242, 0.043051, 0.036708, 0.031145, 0.026295, 0.022093, 0.018473, 0.015374, 0.012737, 0.010509, 0.008638, 0.007080, 0.005794, 0.004744, 0.003901, 0.003237, 0.002731, 0.002366, 0.002130, 0.002014
0.002278, 0.002409, 0.002676, 0.003089, 0.003661, 0.004412, 0.005366, 0.006552, 0.008007, 0.009769, 0.011885, 0.014405, 0.017387, 0.020892, 0.024986, 0.029738, 0.035223, 0.041514, 0.048688, 0.056820, 0.065982, 0.076242, 0.087660, 0.100289, 0.114167, 0.129320, 0.145758, 0.163468, 0.182421, 0.202559, 0.223802, 0.246045, 0.269153, 0.292969, 0.317306, 0.341957, 0.366690, 0.391256, 0.415391, 0.438822, 0.461268, 0.482450, 0.502094, 0.519938, 0.535737, 0.549269, 0.560340, 0.568790, 0.574495, 0.577368, 0.577368, 0.574495, 0.568791, 0.560341, 0.549270, 0.535738, 0.519939, 0.502095, 0.482451, 0.461269, 0.438823, 0.415393, 0.391257, 0.366691, 0.341958, 0.317308, 0.292970, 0.269155, 0.246046, 0.223804, 0.202560, 0.182422, 0.163470, 0.145759, 0.129321, 0.114168, 0.100289, 0.087661, 0.076243, 0.065983, 0.056821, 0.048689, 0.041514, 0.035223, 0.029738, 0.024986, 0.020892, 0.017387, 0.014405, 0.011885, 0.009769, 0.008007, 0.006552, 0.005366, 0.004412, 0.003661, 0.003089, 0.002676, 0.002409, 0.002278
0.002562, 0.002710, 0.003010, 0.003474, 0.004118, 0.004962, 0.006036, 0.007370, 0.009006, 0.010988, 0.013368, 0.016204, 0.019558, 0.023500, 0.028105, 0.033450, 0.039619, 0.046696, 0.054766, 0.063913, 0.074218, 0.085759, 0.098602, 0.112806, 0.128417, 0.145461, 0.163950, 0.183872, 0.205189, 0.227841, 0.251735, 0.276754, 0.302747, 0.329534, 0.356909, 0.384636, 0.412456, 0.440088, 0.467236, 0.493590, 0.518838, 0.542663, 0.564759, 0.584830, 0.602600, 0.617821, 0.630274, 0.639779, 0.646195, 0.649427, 0.649427, 0.646195, 0.639779, 0.630275, 0.617822, 0.602601, 0.584831, 0.564760, 0.542664, 0.518839, 0.493592, 0.467237, 0.440089, 0.412458, 0.384638, 0.356911, 0.329536, 0.302748, 0.276755, 0.251737, 0.227842, 0.205191, 0.183873, 0.163952, 0.145463, 0.128418, 0.112807, 0.098603, 0.085759, 0.074219, 0.063913, 0.054766, 0.046697, 0.039620, 0.033451, 0.028105, 0.023500, 0.019558, 0.016204, 0.013368, 0.010988, 0.009006, 0.007370, 0.006036, 0.004962, 0.004118, 0.003474, 0.003010, 0.002710, 0.002562
0.002867, 0.003032, 0.003368, 0.003887, 0.004607, 0.005552, 0.006752, 0.008246, 0.010076, 0.012293, 0.014956, 0.018128, 0.021880, 0.026290, 0.031442, 0.037422, 0.044324, 0.052241, 0.061269, 0.071501, 0.083031, 0.095941, 0.110309, 0.126200, 0.143664, 0.162732, 0.183416, 0.205702, 0.229550, 0.254891, 0.281622, 0.309611, 0.338690, 0.368658, 0.399283, 0.430301, 0.461423, 0.492336, 0.522706, 0.552190, 0.580434, 0.607088, 0.631807, 0.654260, 0.674140, 0.691168, 0.705100, 0.715732, 0.722910, 0.726526, 0.726526, 0.722910, 0.715733, 0.705100, 0.691169, 0.674141, 0.654261, 0.631808, 0.607090, 0.580436, 0.552191, 0.522708, 0.492338, 0.461425, 0.430303, 0.399285, 0.368660, 0.338692, 0.309613, 0.281624, 0.254892, 0.229552, 0.205704, 0.183417, 0.162733, 0.143665, 0.126201, 0.110310, 0.095942, 0.083031, 0.071502, 0.061269, 0.052241, 0.044324, 0.037423, 0.031442, 0.026291, 0.021880, 0.018128, 0.014956, 0.012293, 0.010076, 0.008246, 0.006752, 0.005552, 0.004607, 0.003887, 0.003368, 0.003032, 0.002867
0.003190, 0.003374, 0.003748, 0.004325, 0.005126, 0.006177, 0.007513, 0.009175, 0.011211, 0.013679, 0.016641, 0.020170, 0.024346, 0.029253, 0.034985, 0.041639, 0.049318, 0.058127, 0.068172, 0.079558, 0.092386, 0.106751, 0.122738, 0.140420, 0.159851, 0.181067, 0.204081, 0.228878, 0.255413, 0.283609, 0.313352, 0.344494, 0.376849, 0.410193, 0.444268, 0.478781, 0.513409, 0.547804, 0.581596, 0.614400, 0.645827, 0.675483, 0.702987, 0.727969, 0.750089, 0.769035, 0.784536, 0.796366, 0.804353, 0.808376, 0.808376, 0.804353, 0.796367, 0.784537, 0.769036, 0.750090, 0.727971, 0.702988, 0.675485, 0.645828, 0.614402, 0.581598, 0.547806, 0.513411, 0.478783, 0.444270, 0.410195, 0.376851, 0.344496, 0.313354, 0.283611, 0.255415, 0.228880, 0.204083, 0.181069, 0.159852, 0.140421, 0.122739, 0.106752, 0.092387, 0.079559, 0.068173, 0.058128, 0.049319, 0.041640, 0.034985, 0.029253, 0.024346, 0.020171, 0.016641, 0.013679, 0.011211, 0.009175, 0.007513, 0.006177, 0.005126, 0.004325, 0.003748, 0.003374, 0.003190
0.003530, 0.003734, 0.004147, 0.004786, 0.005673, 0.006836, 0.008315, 0.010154, 0.012407, 0.015138, 0.018416, 0.022322, 0.026942, 0.032373, 0.038716, 0.046080, 0.054578, 0.064326, 0.075443, 0.088043, 0.102239, 0.118136, 0.135828, 0.155394, 0.176898, 0.200377, 0.225845, 0.253286, 0.282650, 0.313852, 0.346767, 0.381230, 0.417035, 0.453934, 0.491642, 0.529835, 0.568156, 0.606218, 0.643613, 0.679915, 0.714693, 0.747511, 0.777947, 0.805593, 0.830072, 0.851038, 0.868191, 0.881283, 0.890121, 0.894573, 0.894573, 0.890121, 0.881284, 0.868192, 0.851039, 0.830073, 0.805595, 0.777949, 0.747513, 0.714695, 0.679918, 0.643615, 0.606220, 0.568158, 0.529838, 0.491645, 0.453937, 0.417037, 0.381232, 0.346769, 0.313854, 0.282652, 0.253288, 0.225846, 0.200378, 0.176899, 0.155396, 0.135829, 0.118137, 0.102240, 0.088044, 0.075443, 0.064327, 0.054579, 0.046081, 0.038716, 0.032373, 0.026943, 0.022322, 0.018416, 0.015138, 0.012407, 0.010154, 0.008315, 0.006836, 0.005673, 0.004786, 0.004147, 0.003734, 0.003530
0.003886, 0.004109, 0.004565, 0.005268, 0.006244, 0.007524, 0.009152, 0.011176, 0.013656, 0.016661, 0.020270, 0.024569, 0.029654, 0.035631, 0.042613, 0.050718, 0.060071, 0.070801, 0.083036, 0.096904, 0.112529, 0.130026, 0.149498, 0.171034, 0.194701, 0.220542, 0.248573, 0.278776, 0.311096, 0.345438, 0.381665, 0.419596, 0.459003, 0.499616, 0.541118, 0.583154, 0.625331, 0.667223, 0.708381, 0.748336, 0.786613, 0.822734, 0.856232, 0.886661, 0.913602, 0.936678, 0.955557, 0.969966, 0.979693, 0.984593, 0.984593, 0.979693, 0.969967, 0.955558, 0.936679, 0.913603, 0.886662, 0.856234, 0.822736, 0.786615, 0.748339, 0.708383, 0.667226, 0.625334, 0.583157, 0.541121, 0.499618, 0.459006, 0.419598, 0.381667, 0.345440, 0.311098, 0.278778, 0.248575, 0.220544, 0.194702, 0.171035, 0.149499, 0.130027, 0.112530, 0.096905, 0.083037, 0.070802, 0.060072, 0.050719, 0.042613, 0.035632, 0.029655, 0.024569, 0.020270, 0.016662, 0.013656, 0.011176, 0.009152, 0.007525, 0.006244, 0.005268, 0.004565, 0.004109, 0.003886
0.004254, 0.004499, 0.004997, 0.005767, 0.006835, 0.008237, 0.010018, 0.012234, 0.014949, 0.018239, 0.022189, 0.026895, 0.032462, 0.039005, 0.046648, 0.055520, 0.065759, 0.077504, 0.090897, 0.106078, 0.123182, 0.142335, 0.163651, 0.187225, 0.213133, 0.241420, 0.272105, 0.305167, 0.340546, 0.378139, 0.417795, 0.459316, 0.502454, 0.546911, 0.592342, 0.638356, 0.684525, 0.730382, 0.775436, 0.819173, 0.861073, 0.900613, 0.937281, 0.970590, 1.000081, 1.025341, 1.046008, 1.061781, 1.072428, 1.077792, 1.077792, 1.072428, 1.061781, 1.046009, 1.025343, 1.000083, 0.970592, 0.937284, 0.900615, 0.861075, 0.819176, 0.775439, 0.730385, 0.684528, 0.638359, 0.592344, 0.546913, 0.502457, 0.459319, 0.417797, 0.378141, 0.340548, 0.305169, 0.272107, 0.241422, 0.213134, 0.187227, 0.163652, 0.142337, 0.123184, 0.106079, 0.090898, 0.077505, 0.065759, 0.055521, 0.046648, 0.039006, 0.032462, 0.026895, 0.022189, 0.018239, 0.014949, 0.012234, 0.010018, 0.008237, 0.006835, 0.005767, 0.004997, 0.004499, 0.004254
0.004631, 0.004898, 0.005441, 0.006279, 0.007442, 0.008968, 0.010907, 0.013320, 0.016276, 0.019858, 0.024158, 0.029282, 0.035343, 0.042466, 0.050787, 0.060447, 0.071594, 0.084381, 0.098963, 0.115491, 0.134112, 0.154965, 0.178171, 0.203837, 0.232043, 0.262840, 0.296247, 0.332242, 0.370760, 0.411688, 0.454862, 0.500066, 0.547031, 0.595432, 0.644893, 0.694990, 0.745254, 0.795179, 0.844229, 0.891847, 0.937463, 0.980510, 1.020432, 1.056695, 1.088803, 1.116303, 1.138803, 1.155975, 1.167567, 1.173406, 1.173406, 1.167568, 1.155976, 1.138804, 1.116305, 1.088805, 1.056698, 1.020434, 0.980513, 0.937466, 0.891850, 0.844232, 0.795182, 0.745257, 0.694993, 0.644896, 0.595435, 0.547034, 0.500069, 0.454865, 0.411690, 0.370762, 0.332245, 0.296249, 0.262842, 0.232045, 0.203839, 0.178173, 0.154966, 0.134114, 0.115492, 0.098964, 0.084382, 0.071595, 0.060447, 0.050788, 0.042467, 0.035343, 0.029282, 0.024158, 0.019858, 0.016276, 0.013320, 0.010907, 0.008968, 0.007442, 0.006279, 0.005441, 0.004898, 0.004631
0.005015, 0.005304, 0.005891, 0.006799, 0.008058, 0.009711, 0.011811, 0.014423, 0.017624, 0.021502, 0.026159, 0.031707, 0.038270, 0.045984, 0.054993, 0.065453, 0.077523, 0.091369, 0.107159, 0.125055, 0.145219, 0.167798, 0.192926, 0.220717, 0.251258, 0.284606, 0.320779, 0.359754, 0.401461, 0.445778, 0.492527, 0.541474, 0.592327, 0.644736, 0.698292, 0.752537, 0.806962, 0.861021, 0.914132, 0.965692, 1.015085, 1.061696, 1.104923, 1.144188, 1.178954, 1.208732, 1.233095, 1.251688, 1.264240, 1.270563, 1.270563, 1.264241, 1.251689, 1.233096, 1.208734, 1.178957, 1.144191, 1.104925, 1.061699, 1.015088, 0.965695, 0.914135, 0.861025, 0.806966, 0.752540, 0.698295, 0.644739, 0.592331, 0.541478, 0.492530, 0.445781, 0.401464, 0.359757, 0.320781, 0.284608, 0.251260, 0.220719, 0.192928, 0.167799, 0.145220, 0.125056, 0.107160, 0.091370, 0.077524, 0.065453, 0.054994, 0.045984, 0.038270, 0.031707, 0.026159, 0.021503, 0.017624, 0.014423, 0.011811, 0.009711, 0.008058, 0.006799, 0.005891, 0.005304, 0.005015
0.005401, 0.005712, 0.006345, 0.007322, 0.008678, 0.010458, 0.012720, 0.015533, 0.018980, 0.023157, 0.028172, 0.034146, 0.041214, 0.049521, 0.059224, 0.070488, 0.083487, 0.098399, 0.115402, 0.134675, 0.156390, 0.180706, 0.207766, 0.237695, 0.270586, 0.306498, 0.345454, 0.387427, 0.432341, 0.480067, 0.530411, 0.583123, 0.637888, 0.694326, 0.752002, 0.810418, 0.869030, 0.927246, 0.984441, 1.039966, 1.093158, 1.143354, 1.189905, 1.232191, 1.269630, 1.301697, 1.327934, 1.347958, 1.361475, 1.368284, 1.368284, 1.361475, 1.347959, 1.327935, 1.301699, 1.269632, 1.232193, 1.189908, 1.143357, 1.093161, 1.039970, 0.984445, 0.927250, 0.869034, 0.810422, 0.752005, 0.694330, 0.637891, 0.583127, 0.530414, 0.480070, 0.432344, 0.387430, 0.345456, 0.306501, 0.270588, 0.237697, 0.207768, 0.180707, 0.156391, 0.134677, 0.115403, 0.098400, 0.083488, 0.070489, 0.059225, 0.049522, 0.041215, 0.034147, 0.028172, 0.023157, 0.018980, 0.015533, 0.012720, 0.010458, 0.008678, 0.007322, 0.006345, 0.005712, 0.005401
0.005785, 0.006118, 0.006796, 0.007843, 0.009295, 0.011202, 0.013624, 0.016637, 0.020329, 0.024803, 0.030174, 0.036573, 0.044144, 0.053041, 0.063433, 0.075498, 0.089421, 0.105392, 0.123604, 0.144247, 0.167504, 0.193547, 0.222532, 0.254587, 0.289815, 0.328279, 0.370003, 0.414958, 0.463064, 0.514181, 0.568102, 0.624560, 0.683215, 0.743664, 0.805437, 0.868004, 0.930780, 0.993132, 1.054391, 1.113861, 1.170832, 1.224594, 1.274452, 1.319742, 1.359841, 1.394187, 1.422287, 1.443734, 1.458212, 1.465505, 1.465505, 1.458212, 1.443736, 1.422289, 1.394189, 1.359844, 1.319745, 1.274455, 1.224597, 1.170835, 1.113864, 1.054395, 0.993136, 0.930784, 0.868008, 0.805441, 0.743668, 0.683219, 0.624563, 0.568106, 0.514184, 0.463068, 0.414961, 0.370006, 0.328282, 0.289817, 0.254589, 0.222533, 0.193549, 0.167506, 0.144248, 0.123605, 0.105393, 0.089422, 0.075499, 0.063434, 0.053042, 0.044144, 0.036574, 0.030175, 0.024803, 0.020329, 0.016637, 0.013624, 0.011202, 0.009295, 0.007843, 0.006796, 0.006118, 0.005785
0.006162, 0.006517, 0.007239, 0.008355, 0.009902, 0.011933, 0.014513, 0.017722, 0.021656, 0.026421, 0.032143, 0.038960, 0.047024, 0.056502, 0.067572, 0.080424, 0.095255, 0.112268, 0.131668, 0.153657, 0.178431, 0.206174, 0.237048, 0.271195, 0.308720, 0.349694, 0.394139, 0.442027, 0.493270, 0.547721, 0.605159, 0.665299, 0.727780, 0.792171, 0.857973, 0.924620, 0.991491, 1.057909, 1.123164, 1.186512, 1.247199, 1.304467, 1.357577, 1.405820, 1.448535, 1.485120, 1.515053, 1.537899, 1.553320, 1.561089, 1.561089, 1.553321, 1.537900, 1.515055, 1.485122, 1.448537, 1.405823, 1.357581, 1.304470, 1.247202, 1.186516, 1.123168, 1.057914, 0.991495, 0.924625, 0.857977, 0.792175, 0.727784, 0.665303, 0.605163, 0.547724, 0.493274, 0.442030, 0.394142, 0.349697, 0.308723, 0.271197, 0.237051, 0.206176, 0.178433, 0.153659, 0.131669, 0.112269, 0.095256, 0.080425, 0.067573, 0.056502, 0.047024, 0.038960, 0.032143, 0.026421, 0.021656, 0.017723, 0.014513, 0.011933, 0.009902, 0.008355, 0.007239, 0.006517, 0.006162
0.006529, 0.006905, 0.007670, 0.008851, 0.010491, 0.012642, 0.015376, 0.018776, 0.022943, 0.027992, 0.034054, 0.041276, 0.049819, 0.059860, 0.071589, 0.085204, 0.100917, 0.118941, 0.139494, 0.162790, 0.189036, 0.218427, 0.251137, 0.287313, 0.327068, 0.370477, 0.417563, 0.468296, 0.522585, 0.580270, 0.641122, 0.704835, 0.771028, 0.839246, 0.908958, 0.979565, 1.050409, 1.120774, 1.189905, 1.257018, 1.321310, 1.381981, 1.438246, 1.489356, 1.534608, 1.573367, 1.605079, 1.629282, 1.645620, 1.653849, 1.653850, 1.645620, 1.629283, 1.605080, 1.573369, 1.534611, 1.489359, 1.438250, 1.381984, 1.321314, 1.257022, 1.189909, 1.120778, 1.050413, 0.979570, 0.908962, 0.839250, 0.771033, 0.704839, 0.641126, 0.580274, 0.522588, 0.468299, 0.417566, 0.370479, 0.327071, 0.287315, 0.251139, 0.218429, 0.189038, 0.162791, 0.139495, 0.118942, 0.100918, 0.085205, 0.071589, 0.059861, 0.049820, 0.041276, 0.034054, 0.027992, 0.022943, 0.018776, 0.015376, 0.012642, 0.010491, 0.008852, 0.007670, 0.006905, 0.006529
0.006879, 0.007275, 0.008082, 0.009327, 0.011054, 0.013321, 0.016201, 0.019784, 0.024174, 0.029494, 0.035882, 0.043491, 0.052493, 0.063073, 0.075431, 0.089777, 0.106332, 0.125324, 0.146979, 0.171525, 0.199180, 0.230148, 0.264613, 0.302729, 0.344618, 0.390355, 0.439967, 0.493422, 0.550624, 0.611404, 0.675520, 0.742651, 0.812396, 0.884272, 0.957724, 1.032119, 1.106762, 1.180903, 1.253742, 1.324454, 1.392195, 1.456121, 1.515405, 1.569256, 1.616935, 1.657774, 1.691186, 1.716687, 1.733901, 1.742573, 1.742573, 1.733902, 1.716688, 1.691188, 1.657776, 1.616938, 1.569259, 1.515409, 1.456125, 1.392199, 1.324459, 1.253747, 1.180907, 1.106767, 1.032123, 0.957728, 0.884277, 0.812400, 0.742655, 0.675524, 0.611408, 0.550627, 0.493426, 0.439971, 0.390358, 0.344620, 0.302732, 0.264615, 0.230150, 0.199182, 0.171527, 0.146981, 0.125325, 0.106334, 0.089778, 0.075432, 0.063074, 0.052494, 0.043492, 0.035882, 0.029495, 0.024175, 0.019784, 0.016201, 0.013321, 0.011054, 0.009327, 0.008082, 0.007275, 0.006879
0.007209, 0.007624, 0.008469, 0.009774, 0.011584, 0.013959, 0.016978, 0.020732, 0.025333, 0.030908, 0.037601, 0.045575, 0.055009, 0.066096, 0.079045, 0.094079, 0.111428, 0.131329, 0.154022, 0.179744, 0.208724, 0.241176, 0.277291, 0.317234, 0.361129, 0.409057, 0.461046, 0.517062, 0.577003, 0.640695, 0.707882, 0.778229, 0.851314, 0.926633, 1.003603, 1.081561, 1.159780, 1.237472, 1.313800, 1.387899, 1.458884, 1.525871, 1.587995, 1.644425, 1.694389, 1.737183, 1.772195, 1.798917, 1.816956, 1.826043, 1.826043, 1.816957, 1.798919, 1.772197, 1.737185, 1.694391, 1.644429, 1.587999, 1.525876, 1.458889, 1.387904, 1.313805, 1.237476, 1.159785, 1.081567, 1.003608, 0.926638, 0.851318, 0.778233, 0.707886, 0.640699, 0.577007, 0.517065, 0.461049, 0.409060, 0.361132, 0.317236, 0.277293, 0.241178, 0.208726, 0.179746, 0.154023, 0.131330, 0.111429, 0.094080, 0.079046, 0.066096, 0.055009, 0.045576, 0.037602, 0.030908, 0.025333, 0.020732, 0.016978, 0.013959, 0.011584, 0.009774, 0.008469, 0.007624, 0.007209
0.007513, 0.007946, 0.008827, 0.010186, 0.012073, 0.014549, 0.017694, 0.021607, 0.026402, 0.032212, 0.039188, 0.047499, 0.057330, 0.068885, 0.082381, 0.098049, 0.116130, 0.136871, 0.160521, 0.187329, 0.217531, 0.251352, 0.288991, 0.330619, 0.376366, 0.426316, 0.480498, 0.538877, 0.601347, 0.667725, 0.737746, 0.811060, 0.887228, 0.965725, 1.045941, 1.127188, 1.208706, 1.289674, 1.369223, 1.446447, 1.520426, 1.590239, 1.654982, 1.713793, 1.765863, 1.810462, 1.846951, 1.874800, 1.893599, 1.903070, 1.903070, 1.893600, 1.874802, 1.846953, 1.810464, 1.765866, 1.713796, 1.654986, 1.590243, 1.520431, 1.446452, 1.369228, 1.289679, 1.208711, 1.127193, 1.045946, 0.965730, 0.887233, 0.811065, 0.737751, 0.667729, 0.601351, 0.538881, 0.480502, 0.426319, 0.376369, 0.330622, 0.288994, 0.251354, 0.217533, 0.187330, 0.160523, 0.136872, 0.116131, 0.098050, 0.082382, 0.068886, 0.057331, 0.047499, 0.039189, 0.032213, 0.026403, 0.021608, 0.017695, 0.014549, 0.012073, 0.010187, 0.008827, 0.007946, 0.007513
0.007788, 0.008236, 0.009149, 0.010559, 0.012514, 0.015080, 0.018341, 0.022396, 0.027367, 0.033389, 0.040619, 0.049233, 0.059424, 0.071400, 0.085389, 0.101629, 0.120370, 0.141868, 0.166381, 0.194167, 0.225472, 0.260527, 0.299541, 0.342688, 0.390104, 0.441877, 0.498037, 0.558546, 0.623296, 0.692096, 0.764673, 0.840662, 0.919609, 1.000970, 1.084114, 1.168326, 1.252818, 1.336741, 1.419191, 1.499234, 1.575913, 1.648272, 1.715378, 1.776335, 1.830304, 1.876531, 1.914351, 1.943216, 1.962701, 1.972517, 1.972517, 1.962702, 1.943217, 1.914353, 1.876533, 1.830308, 1.776338, 1.715382, 1.648277, 1.575917, 1.499239, 1.419197, 1.336746, 1.252823, 1.168331, 1.084119, 1.000976, 0.919614, 0.840667, 0.764677, 0.692101, 0.623300, 0.558550, 0.498040, 0.441881, 0.390107, 0.342690, 0.299543, 0.260530, 0.225474, 0.194169, 0.166383, 0.141869, 0.120371, 0.101630, 0.085390, 0.071401, 0.059424, 0.049234, 0.040620, 0.033389, 0.027367, 0.022397, 0.018341, 0.015080, 0.012514, 0.010559, 0.009149, 0.008236, 0.007788
0.008028, 0.008491, 0.009431, 0.010884, 0.012900, 0.015545, 0.018907, 0.023088, 0.028211, 0.034419, 0.041873, 0.050752, 0.061257, 0.073603, 0.088023, 0.104764, 0.124083, 0.146243, 0.171513, 0.200156, 0.232427, 0.268563, 0.308779, 0.353256, 0.402135, 0.455504, 0.513395, 0.575770, 0.642516, 0.713438, 0.788252, 0.866584, 0.947965, 1.031834, 1.117540, 1.204348, 1.291446, 1.377955, 1.462948, 1.545458, 1.624500, 1.699091, 1.768265, 1.831100, 1.886734, 1.934385, 1.973371, 2.003125, 2.023209, 2.033329, 2.033329, 2.023210, 2.003126, 1.973373, 1.934387, 1.886737, 1.831104, 1.768269, 1.699095, 1.624505, 1.545463, 1.462953, 1.377961, 1.291451, 1.204354, 1.117546, 1.031839, 0.947970, 0.866589, 0.788257, 0.713442, 0.642520, 0.575774, 0.513399, 0.455508, 0.402138, 0.353259, 0.308782, 0.268565, 0.232429, 0.200158, 0.171515, 0.146245, 0.124084, 0.104765, 0.088024, 0.073604, 0.061258, 0.050753, 0.041873, 0.034419, 0.028211, 0.023088, 0.018907, 0.015545, 0.012900, 0.010885, 0.009431, 0.008491, 0.008028
0.008231, 0.008705, 0.009669, 0.011159, 0.013225, 0.015937, 0.019383, 0.023670, 0.028923, 0.035287, 0.042929, 0.052032, 0.062802, 0.075459, 0.090243, 0.107405, 0.127211, 0.149930, 0.175837, 0.205202, 0.238286, 0.275333, 0.316562, 0.362160, 0.412271, 0.466985, 0.526334, 0.590281, 0.658709, 0.731417, 0.808116, 0.888422, 0.971853, 1.057835, 1.145701, 1.234696, 1.323987, 1.412677, 1.499810, 1.584399, 1.665432, 1.741902, 1.812820, 1.877237, 1.934273, 1.983124, 2.023093, 2.053596, 2.074187, 2.084561, 2.084561, 2.074188, 2.053598, 2.023095, 1.983127, 1.934276, 1.877241, 1.812824, 1.741907, 1.665437, 1.584404, 1.499816, 1.412682, 1.323993, 1.234701, 1.145707, 1.057841, 0.971859, 0.888427, 0.808121, 0.731422, 0.658713, 0.590285, 0.526338, 0.466989, 0.412274, 0.362163, 0.316565, 0.275335, 0.238288, 0.205204, 0.175839, 0.149932, 0.127212, 0.107407, 0.090244, 0.075460, 0.062802, 0.052033, 0.042929, 0.035288, 0.028923, 0.023670, 0.019384, 0.015938, 0.013225, 0.011159, 0.009669, 0.008705, 0.008231
0.008392, 0.008876, 0.009859, 0.011378, 0.013485, 0.016250, 0.019764, 0.024134, 0.029490, 0.035979, 0.043771, 0.053053, 0.064033, 0.076939, 0.092012, 0.109511, 0.129705, 0.152869, 0.179284, 0.209224, 0.242956, 0.280729, 0.322766, 0.369258, 0.420350, 0.476136, 0.536648, 0.601848, 0.671616, 0.745749, 0.823950, 0.905828, 0.990894, 1.078560, 1.168147, 1.258885, 1.349926, 1.440351, 1.529192, 1.615437, 1.698058, 1.776026, 1.848332, 1.914012, 1.972164, 2.021970, 2.062723, 2.093826, 2.114821, 2.125397, 2.125397, 2.114822, 2.093828, 2.062726, 2.021973, 1.972167, 1.914016, 1.848337, 1.776031, 1.698063, 1.615443, 1.529197, 1.440357, 1.349931, 1.258890, 1.168152, 1.078566, 0.990899, 0.905834, 0.823955, 0.745753, 0.671620, 0.601852, 0.536652, 0.476140, 0.420353, 0.369261, 0.322769, 0.280731, 0.242958, 0.209226, 0.179285, 0.152871, 0.129706, 0.109512, 0.092013, 0.076939, 0.064034, 0.053053, 0.043771, 0.035980, 0.029490, 0.024134, 0.019764, 0.016250, 0.013485, 0.011378, 0.009859, 0.008876, 0.008392
0.008510, 0.009000, 0.009998, 0.011538, 0.013674, 0.016478, 0.020041, 0.024473, 0.029904, 0.036484, 0.044385, 0.053797, 0.064931, 0.078018, 0.093303, 0.111047, 0.131524, 0.155013, 0.181798, 0.212158, 0.246363, 0.284665, 0.327291, 0.374434, 0.426242, 0.482810, 0.544170, 0.610283, 0.681028, 0.756199, 0.835496, 0.918522, 1.004779, 1.093673, 1.184514, 1.276523, 1.368840, 1.460533, 1.550617, 1.638071, 1.721849, 1.800910, 1.874228, 1.940827, 1.999794, 2.050299, 2.091630, 2.123170, 2.144459, 2.155183, 2.155183, 2.144460, 2.123171, 2.091633, 2.050302, 1.999798, 1.940831, 1.874233, 1.800914, 1.721854, 1.638076, 1.550622, 1.460538, 1.368846, 1.276529, 1.184520, 1.093678, 1.004784, 0.918527, 0.835501, 0.756204, 0.681033, 0.610287, 0.544174, 0.482814, 0.426246, 0.374437, 0.327294, 0.284667, 0.246365, 0.212160, 0.181800, 0.155015, 0.131525, 0.111048, 0.093304, 0.078019, 0.064932, 0.053798, 0.044385, 0.036485, 0.029904, 0.024473, 0.020041, 0.016478, 0.013674, 0.011538, 0.009998, 0.009000, 0.008510
0.008583, 0.009077, 0.010082, 0.011636, 0.013790, 0.016618, 0.020211, 0.024681, 0.030157, 0.036793, 0.044761, 0.054253, 0.065482, 0.078679, 0.094093, 0.111988, 0.132638, 0.156326, 0.183338, 0.213955, 0.248449, 0.287075, 0.330062, 0.377604, 0.429851, 0.486897, 0.548776, 0.615448, 0.686791, 0.762598, 0.842566, 0.926293, 1.013279, 1.102925, 1.194535, 1.287324, 1.380420, 1.472888, 1.563734, 1.651927, 1.736416, 1.816145, 1.890084, 1.957247, 2.016715, 2.067648, 2.109321, 2.141125, 2.162594, 2.173409, 2.173409, 2.162596, 2.141127, 2.109323, 2.067651, 2.016718, 1.957251, 1.890088, 1.816149, 1.736421, 1.651932, 1.563739, 1.472893, 1.380425, 1.287329, 1.194541, 1.102931, 1.013284, 0.926298, 0.842571, 0.762603, 0.686796, 0.615452, 0.548780, 0.486901, 0.429854, 0.377607, 0.330065, 0.287078, 0.248451, 0.213957, 0.183339, 0.156328, 0.132639, 0.111989, 0.094094, 0.078680, 0.065483, 0.054254, 0.044762, 0.036794, 0.030158, 0.024681, 0.020211, 0.016618, 0.013790, 0.011636, 0.010083, 0.009077, 0.008583
0.008608, 0.009104, 0.010112, 0.011670, 0.013831, 0.016667, 0.020271, 0.024754, 0.030247, 0.036902, 0.044893, 0.054413, 0.065675, 0.078911, 0.094371, 0.112318, 0.133029, 0.156787, 0.183878, 0.214584, 0.249180, 0.287920, 0.331033, 0.378715, 0.431114, 0.488328, 0.550388, 0.617256, 0.688809, 0.764838, 0.845040, 0.929012, 1.016253, 1.106163, 1.198042, 1.291104, 1.384475, 1.477213, 1.568326, 1.656777, 1.741511, 1.821472, 1.895627, 1.962987, 2.022629, 2.073711, 2.115505, 2.147402, 2.168933, 2.179780, 2.179780, 2.168935, 2.147404, 2.115507, 2.073714, 2.022632, 1.962991, 1.895631, 1.821476, 1.741515, 1.656782, 1.568331, 1.477219, 1.384480, 1.291110, 1.198048, 1.106169, 1.016259, 0.929018, 0.845045, 0.764843, 0.688813, 0.617260, 0.550392, 0.488331, 0.431118, 0.378718, 0.331036, 0.287922, 0.249182, 0.214586, 0.183879, 0.156788, 0.133030, 0.112319, 0.094372, 0.078912, 0.065676, 0.054414, 0.044894, 0.036903, 0.030247, 0.024754, 0.020271, 0.016667, 0.013831, 0.011670, 0.010112, 0.009104, 0.008608
0.008586, 0.009081, 0.010087, 0.011641, 0.013796, 0.016625, 0.020219, 0.024691, 0.030170, 0.036808, 0.044779, 0.054275, 0.065508, 0.078710, 0.094130, 0.112031, 0.132689, 0.156387, 0.183408, 0.214036, 0.248544, 0.287184, 0.330187, 0.377746, 0.430012, 0.487079, 0.548980, 0.615676, 0.687045, 0.762880, 0.842876, 0.926633, 1.013651, 1.103331, 1.194977, 1.287797, 1.380926, 1.473427, 1.564305, 1.652529, 1.737044, 1.816800, 1.890765, 1.957952, 2.017439, 2.068390, 2.110075, 2.141891, 2.163367, 2.174185, 2.174186, 2.163368, 2.141892, 2.110077, 2.068393, 2.017442, 1.957956, 1.890769, 1.816805, 1.737049, 1.652534, 1.564311, 1.473433, 1.380932, 1.287803, 1.194982, 1.103336, 1.013657, 0.926639, 0.842881, 0.762885, 0.687050, 0.615680, 0.548984, 0.487082, 0.430015, 0.377750, 0.330190, 0.287187, 0.248546, 0.214038, 0.183410, 0.156388, 0.132691, 0.112033, 0.094131, 0.078711, 0.065508, 0.054275, 0.044780, 0.036809, 0.030170, 0.024691, 0.020220, 0.016625, 0.013796, 0.011641, 0.010087, 0.009081, 0.008586
0.008518, 0.009008, 0.010006, 0.011547, 0.013685, 0.016492, 0.020058, 0.024493, 0.029928, 0.036513, 0.044420, 0.053839, 0.064982, 0.078079, 0.093375, 0.111133, 0.131625, 0.155132, 0.181937, 0.212319, 0.246549, 0.284879, 0.327537, 0.374714, 0.426559, 0.483168, 0.544572, 0.610731, 0.681528, 0.756753, 0.836108, 0.919193, 1.005514, 1.094472, 1.185379, 1.277452, 1.369833, 1.461590, 1.551737, 1.639250, 1.723086, 1.802200, 1.875570, 1.942216, 2.001225, 2.051766, 2.093116, 2.124675, 2.145979, 2.156710, 2.156711, 2.145980, 2.124677, 2.093118, 2.051769, 2.001228, 1.942220, 1.875574, 1.802205, 1.723091, 1.639256, 1.551742, 1.461595, 1.369839, 1.277458, 1.185384, 1.094477, 1.005519, 0.919198, 0.836113, 0.756758, 0.681532, 0.610736, 0.544576, 0.483171, 0.426563, 0.374717, 0.327539, 0.284882, 0.246551, 0.212321, 0.181938, 0.155133, 0.131626, 0.111134, 0.093376, 0.078079, 0.064983, 0.053840, 0.044421, 0.036514, 0.029928, 0.024493, 0.020058, 0.016492, 0.013686, 0.011547, 0.010006, 0.009008, 0.008518
0.008403, 0.008887, 0.009871, 0.011392, 0.013501, 0.016270, 0.019788, 0.024163, 0.029525, 0.036022, 0.043822, 0.053115, 0.064107, 0.077027, 0.092118, 0.109637, 0.129853, 0.153043, 0.179487, 0.209460, 0.243228, 0.281042, 0.323125, 0.369666, 0.420813, 0.476658, 0.537234, 0.602503, 0.672345, 0.746557, 0.824843, 0.906808, 0.991964, 1.079724, 1.169404, 1.260237, 1.351371, 1.441890, 1.530822, 1.617155, 1.699860, 1.777907, 1.850288, 1.916034, 1.974246, 2.024106, 2.064899, 2.096032, 2.117049, 2.127636, 2.127636, 2.117050, 2.096034, 2.064901, 2.024108, 1.974249, 1.916038, 1.850291, 1.777912, 1.699865, 1.617160, 1.530827, 1.441895, 1.351377, 1.260242, 1.169410, 1.079729, 0.991969, 0.906814, 0.824848, 0.746562, 0.672350, 0.602507, 0.537238, 0.476662, 0.420816, 0.369669, 0.323127, 0.281044, 0.243231, 0.209461, 0.179488, 0.153044, 0.129854, 0.109638, 0.092119, 0.077028, 0.064108, 0.053115, 0.043823, 0.036022, 0.029525, 0.024164, 0.019788, 0.016270, 0.013501, 0.011392, 0.009872, 0.008887, 0.008403
0.008245, 0.008719, 0.009685, 0.011177, 0.013247, 0.015963, 0.019414, 0.023707, 0.028968, 0.035342, 0.042995, 0.052112, 0.062897, 0.075573, 0.090379, 0.107567, 0.127401, 0.150153, 0.176097, 0.205504, 0.238635, 0.275734, 0.317022, 0.362684, 0.412864, 0.467655, 0.527086, 0.591122, 0.659645, 0.732455, 0.809261, 0.889678, 0.973224, 1.059325, 1.147310, 1.236426, 1.325838, 1.414646, 1.501896, 1.586598, 1.667740, 1.744312, 1.815323, 1.879827, 1.936939, 1.985856, 2.025878, 2.056423, 2.077042, 2.087429, 2.087429, 2.077042, 2.056425, 2.025880, 1.985858, 1.936942, 1.879831, 1.815327, 1.744316, 1.667745, 1.586603, 1.501902, 1.414651, 1.325843, 1.236431, 1.147316, 1.059330, 0.973230, 0.889683, 0.809266, 0.732460, 0.659649, 0.591126, 0.527090, 0.467658, 0.412868, 0.362687, 0.317024, 0.275737, 0.238637, 0.205506, 0.176099, 0.150155, 0.127402, 0.107568, 0.090380, 0.075574, 0.062898, 0.052112, 0.042995, 0.035342, 0.028968, 0.023707, 0.019414, 0.015963, 0.013247, 0.011177, 0.009685, 0.008719, 0.008245
0.008045, 0.008508, 0.009450, 0.010906, 0.012925, 0.015576, 0.018943, 0.023132, 0.028265, 0.034484, 0.041951, 0.050847, 0.061371, 0.073739, 0.088185, 0.104956, 0.124309, 0.146508, 0.171823, 0.200515, 0.232842, 0.269040, 0.309326, 0.353879, 0.402841, 0.456301, 0.514289, 0.576770, 0.643630, 0.714672, 0.789613, 0.868076, 0.949593, 1.033602, 1.119450, 1.206401, 1.293641, 1.380292, 1.465423, 1.548067, 1.627238, 1.701949, 1.771236, 1.834173, 1.889897, 1.937626, 1.976675, 2.006479, 2.026597, 2.036731, 2.036731, 2.026597, 2.006480, 1.976677, 1.937628, 1.889900, 1.834177, 1.771240, 1.701954, 1.627243, 1.548072, 1.465428, 1.380297, 1.293646, 1.206406, 1.119455, 1.033607, 0.949598, 0.868081, 0.789617, 0.714677, 0.643634, 0.576774, 0.514293, 0.456304, 0.402844, 0.353882, 0.309328, 0.269043, 0.232844, 0.200517, 0.171824, 0.146510, 0.124310, 0.104957, 0.088186, 0.073740, 0.061372, 0.050848, 0.041952, 0.034485, 0.028265, 0.023132, 0.018943, 0.015576, 0.012925, 0.010906, 0.009450, 0.008508, 0.008045
0.007806, 0.008256, 0.009170, 0.010583, 0.012542, 0.015114, 0.018382, 0.022447, 0.027427, 0.033463, 0.040709, 0.049341, 0.059552, 0.071554, 0.085572, 0.101846, 0.120625, 0.142167, 0.166730, 0.194573, 0.225941, 0.261066, 0.300157, 0.343390, 0.390900, 0.442776, 0.499045, 0.559673, 0.624552, 0.693488, 0.766206, 0.842342, 0.921442, 1.002960, 1.086263, 1.170635, 1.255288, 1.339370, 1.421977, 1.502170, 1.578993, 1.651489, 1.718721, 1.779792, 1.833863, 1.880176, 1.918068, 1.946987, 1.966509, 1.976343, 1.976343, 1.966509, 1.946989, 1.918070, 1.880179, 1.833866, 1.779795, 1.718725, 1.651493, 1.578998, 1.502175, 1.421982, 1.339375, 1.255293, 1.170640, 1.086268, 1.002965, 0.921447, 0.842347, 0.766210, 0.693492, 0.624556, 0.559677, 0.499049, 0.442779, 0.390903, 0.343393, 0.300160, 0.261069, 0.225943, 0.194575, 0.166732, 0.142168, 0.120626, 0.101847, 0.085573, 0.071555, 0.059553, 0.049341, 0.040709, 0.033463, 0.027428, 0.022447, 0.018382, 0.015114, 0.012542, 0.010583, 0.009170, 0.008256, 0.007806
0.007533, 0.007967, 0.008850, 0.010213, 0.012104, 0.014586, 0.017739, 0.021662, 0.026469, 0.032293, 0.039285, 0.047615, 0.057470, 0.069052, 0.082580, 0.098284, 0.116406, 0.137195, 0.160900, 0.187768, 0.218039, 0.251936, 0.289659, 0.331380, 0.377228, 0.427289, 0.481590, 0.540098, 0.602707, 0.669231, 0.739404, 0.812877, 0.889209, 0.967875, 1.048263, 1.129683, 1.211375, 1.292515, 1.372231, 1.449619, 1.523754, 1.593713, 1.658592, 1.717526, 1.769706, 1.814398, 1.850963, 1.878871, 1.897709, 1.907199, 1.907200, 1.897710, 1.878872, 1.850965, 1.814400, 1.769708, 1.717529, 1.658596, 1.593717, 1.523758, 1.449623, 1.372236, 1.292520, 1.211380, 1.129688, 1.048268, 0.967880, 0.889214, 0.812882, 0.739409, 0.669235, 0.602711, 0.540102, 0.481594, 0.427292, 0.377231, 0.331382, 0.289662, 0.251938, 0.218041, 0.187770, 0.160901, 0.137196, 0.116408, 0.098285, 0.082581, 0.069053, 0.057471, 0.047616, 0.039286, 0.032293, 0.026469, 0.021662, 0.017740, 0.014586, 0.012104, 0.010213, 0.008850, 0.007967, 0.007533
0.007230, 0.007646, 0.008493, 0.009802, 0.011616, 0.013999, 0.017025, 0.020789, 0.025403, 0.030992, 0.037703, 0.045698, 0.055155, 0.066271, 0.079253, 0.094325, 0.111718, 0.131668, 0.154418, 0.180204, 0.209256, 0.241787, 0.277991, 0.318030, 0.362031, 0.410075, 0.462189, 0.518340, 0.578425, 0.642268, 0.709614, 0.780126, 0.853383, 0.928878, 1.006027, 1.084166, 1.162566, 1.240436, 1.316940, 1.391209, 1.462356, 1.529496, 1.591761, 1.648320, 1.698396, 1.741288, 1.776380, 1.803162, 1.821242, 1.830349, 1.830350, 1.821242, 1.803164, 1.776382, 1.741290, 1.698399, 1.648323, 1.591765, 1.529500, 1.462360, 1.391213, 1.316945, 1.240441, 1.162571, 1.084171, 1.006032, 0.928883, 0.853387, 0.780131, 0.709618, 0.642272, 0.578429, 0.518343, 0.462192, 0.410078, 0.362034, 0.318033, 0.277993, 0.241789, 0.209257, 0.180206, 0.154420, 0.131670, 0.111719, 0.094326, 0.079254, 0.066272, 0.055156, 0.045698, 0.037703, 0.030992, 0.025403, 0.020790, 0.017025, 0.013999, 0.011617, 0.009802, 0.008494, 0.007646, 0.007230
0.006901, 0.007298, 0.008107, 0.009355, 0.011087, 0.013361, 0.016249, 0.019842, 0.024245, 0.029580, 0.035985, 0.043616, 0.052642, 0.063251, 0.075643, 0.090028, 0.106627, 0.125669, 0.147382, 0.171993, 0.199721, 0.230769, 0.265323, 0.303538, 0.345534, 0.391389, 0.441128, 0.494719, 0.552066, 0.612999, 0.677276, 0.744574, 0.814491, 0.886546, 0.960178, 1.034756, 1.109582, 1.183903, 1.256920, 1.327803, 1.395707, 1.459788, 1.519214, 1.573195, 1.620989, 1.661925, 1.695417, 1.720979, 1.738234, 1.746927, 1.746927, 1.738235, 1.720981, 1.695419, 1.661927, 1.620991, 1.573198, 1.519217, 1.459791, 1.395712, 1.327807, 1.256924, 1.183907, 1.109587, 1.034761, 0.960183, 0.886550, 0.814496, 0.744578, 0.677280, 0.613003, 0.552070, 0.494723, 0.441131, 0.391391, 0.345537, 0.303541, 0.265325, 0.230771, 0.199722, 0.171995, 0.147384, 0.125670, 0.106628, 0.090029, 0.075643, 0.063252, 0.052643, 0.043616, 0.035986, 0.029580, 0.024246, 0.019843, 0.016250, 0.013361, 0.011087, 0.009355, 0.008107, 0.007298, 0.006901
0.006550, 0.006927, 0.007695, 0.008880, 0.010524, 0.012682, 0.015424, 0.018834, 0.023013, 0.028077, 0.034157, 0.041399, 0.049967, 0.060037, 0.071799, 0.085452, 0.101209, 0.119283, 0.139892, 0.163252, 0.189570, 0.219041, 0.251838, 0.288111, 0.327972, 0.371496, 0.418707, 0.469575, 0.524006, 0.581842, 0.642851, 0.706728, 0.773091, 0.841483, 0.911372, 0.982159, 1.053181, 1.123723, 1.193029, 1.260309, 1.324761, 1.385583, 1.441989, 1.493225, 1.538589, 1.577444, 1.609234, 1.633496, 1.649875, 1.658125, 1.658125, 1.649875, 1.633498, 1.609236, 1.577447, 1.538592, 1.493228, 1.441992, 1.385586, 1.324764, 1.260312, 1.193033, 1.123728, 1.053185, 0.982163, 0.911376, 0.841487, 0.773095, 0.706732, 0.642855, 0.581846, 0.524010, 0.469578, 0.418710, 0.371499, 0.327975, 0.288113, 0.251841, 0.219043, 0.189572, 0.163254, 0.139893, 0.119284, 0.101210, 0.085453, 0.071799, 0.060038, 0.049968, 0.041400, 0.034157, 0.028077, 0.023014, 0.018834, 0.015424, 0.012682, 0.010524, 0.008880, 0.007695, 0.006927, 0.006550
0.006183, 0.006539, 0.007264, 0.008382, 0.009934, 0.011971, 0.014559, 0.017779, 0.021724, 0.026504, 0.032242, 0.039079, 0.047167, 0.056672, 0.067774, 0.080663, 0.095536, 0.112597, 0.132051, 0.154102, 0.178944, 0.206763, 0.237722, 0.271961, 0.309588, 0.350671, 0.395235, 0.443252, 0.494631, 0.549225, 0.606814, 0.667110, 0.729752, 0.794309, 0.860280, 0.927098, 0.994139, 1.060726, 1.126146, 1.189654, 1.250492, 1.307905, 1.361148, 1.409511, 1.452332, 1.489009, 1.519016, 1.541918, 1.557377, 1.565165, 1.565166, 1.557378, 1.541919, 1.519018, 1.489011, 1.452335, 1.409514, 1.361151, 1.307908, 1.250496, 1.189657, 1.126150, 1.060730, 0.994143, 0.927102, 0.860284, 0.794313, 0.729756, 0.667113, 0.606817, 0.549228, 0.494635, 0.443255, 0.395238, 0.350674, 0.309590, 0.271963, 0.237724, 0.206765, 0.178946, 0.154103, 0.132052, 0.112598, 0.095537, 0.080664, 0.067775, 0.056673, 0.047167, 0.039080, 0.032243, 0.026504, 0.021724, 0.017779, 0.014560, 0.011971, 0.009934, 0.008382, 0.007264, 0.006539, 0.006183
0.005805, 0.006139, 0.006819, 0.007869, 0.009326, 0.011238, 0.013668, 0.016690, 0.020393, 0.024880, 0.030268, 0.036686, 0.044278, 0.053201, 0.063623, 0.075722, 0.089684, 0.105700, 0.123962, 0.144662, 0.167983, 0.194097, 0.223160, 0.255301, 0.290623, 0.329189, 0.371023, 0.416097, 0.464329, 0.515579, 0.569639, 0.626241, 0.685046, 0.745648, 0.807576, 0.870300, 0.933233, 0.995741, 1.057152, 1.116769, 1.173880, 1.227775, 1.277756, 1.323156, 1.363354, 1.397783, 1.425951, 1.447450, 1.461963, 1.469274, 1.469274, 1.461963, 1.447451, 1.425953, 1.397785, 1.363356, 1.323159, 1.277759, 1.227778, 1.173884, 1.116773, 1.057156, 0.995745, 0.933237, 0.870304, 0.807580, 0.745651, 0.685049, 0.626245, 0.569642, 0.515582, 0.464332, 0.416099, 0.371026, 0.329192, 0.290625, 0.255303, 0.223162, 0.194099, 0.167985, 0.144663, 0.123963, 0.105701, 0.089685, 0.075723, 0.063624, 0.053202, 0.044278, 0.036686, 0.030268, 0.024881, 0.020393, 0.016690, 0.013668, 0.011238, 0.009326, 0.007869, 0.006819, 0.006139, 0.005805
0.005419, 0.005731, 0.006366, 0.007346, 0.008706, 0.010492, 0.012760, 0.015581, 0.019039, 0.023228, 0.028257, 0.034249, 0.041337, 0.049667, 0.059397, 0.070692, 0.083726, 0.098678, 0.115727, 0.135052, 0.156823, 0.181203, 0.208334, 0.238340, 0.271315, 0.307319, 0.346373, 0.388452, 0.433480, 0.481324, 0.531792, 0.584634, 0.639531, 0.696107, 0.753920, 0.812476, 0.871228, 0.929582, 0.986913, 1.042568, 1.095885, 1.146198, 1.192858, 1.235242, 1.272768, 1.304909, 1.331207, 1.351277, 1.364825, 1.371650, 1.371650, 1.364825, 1.351278, 1.331208, 1.304911, 1.272770, 1.235244, 1.192861, 1.146201, 1.095888, 1.042571, 0.986916, 0.929585, 0.871231, 0.812480, 0.753924, 0.696110, 0.639534, 0.584637, 0.531796, 0.481327, 0.433483, 0.388455, 0.346376, 0.307321, 0.271317, 0.238342, 0.208336, 0.181204, 0.156825, 0.135053, 0.115728, 0.098679, 0.083727, 0.070693, 0.059397, 0.049668, 0.041337, 0.034249, 0.028257, 0.023228, 0.019039, 0.015581, 0.012760, 0.010492, 0.008707, 0.007346, 0.006366, 0.005731, 0.005419
0.005031, 0.005321, 0.005910, 0.006821, 0.008083, 0.009741, 0.011847, 0.014466, 0.017676, 0.021565, 0.026235, 0.031797, 0.038378, 0.046112, 0.055145, 0.065632, 0.077733, 0.091614, 0.107443, 0.125384, 0.145597, 0.168231, 0.193421, 0.221278, 0.251892, 0.285319, 0.321577, 0.360643, 0.402447, 0.446865, 0.493721, 0.542779, 0.593746, 0.646271, 0.699946, 0.754310, 0.808855, 0.863031, 0.916257, 0.967928, 1.017427, 1.064138, 1.107457, 1.146806, 1.181645, 1.211486, 1.235899, 1.254533, 1.267111, 1.273448, 1.273448, 1.267111, 1.254534, 1.235901, 1.211487, 1.181647, 1.146808, 1.107459, 1.064140, 1.017429, 0.967931, 0.916260, 0.863034, 0.808858, 0.754313, 0.699949, 0.646274, 0.593749, 0.542782, 0.493724, 0.446868, 0.402449, 0.360645, 0.321579, 0.285321, 0.251894, 0.221280, 0.193422, 0.168233, 0.145599, 0.125385, 0.107444, 0.091615, 0.077734, 0.065632, 0.055146, 0.046112, 0.038378, 0.031798, 0.026235, 0.021565, 0.017676, 0.014466, 0.011847, 0.009741, 0.008083, 0.006821, 0.005910, 0.005321, 0.005031
0.004645, 0.004913, 0.005457, 0.006298, 0.007463, 0.008994, 0.010938, 0.013357, 0.016320, 0.019911, 0.024222, 0.029358, 0.035434, 0.042575, 0.050915, 0.060597, 0.071770, 0.084587, 0.099201, 0.115766, 0.134429, 0.155326, 0.178583, 0.204304, 0.232569, 0.263431, 0.296907, 0.332976, 0.371573, 0.412584, 0.455845, 0.501139, 0.548196, 0.596691, 0.646248, 0.696441, 0.746801, 0.796821, 0.845964, 0.893670, 0.939371, 0.982498, 1.022494, 1.058824, 1.090990, 1.118541, 1.141082, 1.158286, 1.169899, 1.175749, 1.175749, 1.169899, 1.158287, 1.141084, 1.118543, 1.090992, 1.058826, 1.022496, 0.982501, 0.939374, 0.893673, 0.845966, 0.796824, 0.746804, 0.696444, 0.646251, 0.596694, 0.548199, 0.501142, 0.455848, 0.412586, 0.371575, 0.332979, 0.296910, 0.263433, 0.232571, 0.204306, 0.178585, 0.155328, 0.134430, 0.115767, 0.099202, 0.084588, 0.071771, 0.060598, 0.050916, 0.042575, 0.035434, 0.029359, 0.024223, 0.019911, 0.016320, 0.013357, 0.010938, 0.008994, 0.007463, 0.006298, 0.005457, 0.004913, 0.004645
0.004265, 0.004511, 0.005011, 0.005782, 0.006853, 0.008258, 0.010043, 0.012264, 0.014985, 0.018282, 0.022241, 0.026957, 0.032535, 0.039092, 0.046750, 0.055640, 0.065899, 0.077667, 0.091086, 0.106295, 0.123431, 0.142619, 0.163973, 0.187590, 0.213542, 0.241879, 0.272617, 0.305734, 0.341173, 0.378829, 0.418550, 0.460138, 0.503345, 0.547873, 0.593375, 0.639461, 0.685701, 0.731628, 0.776749, 0.820552, 0.862514, 0.902113, 0.938836, 0.972193, 1.001728, 1.027024, 1.047721, 1.063517, 1.074179, 1.079551, 1.079551, 1.074180, 1.063518, 1.047722, 1.027026, 1.001729, 0.972195, 0.938838, 0.902115, 0.862517, 0.820555, 0.776752, 0.731631, 0.685704, 0.639464, 0.593378, 0.547875, 0.503348, 0.460141, 0.418552, 0.378831, 0.341175, 0.305737, 0.272619, 0.241881, 0.213544, 0.187591, 0.163975, 0.142620, 0.123432, 0.106296, 0.091087, 0.077668, 0.065900, 0.055641, 0.046751, 0.039092, 0.032536, 0.026957, 0.022241, 0.018282, 0.014985, 0.012264, 0.010043, 0.008258, 0.006853, 0.005782, 0.005011, 0.004511, 0.004265
0.003895, 0.004119, 0.004575, 0.005280, 0.006258, 0.007541, 0.009171, 0.011199, 0.013683, 0.016694, 0.020309, 0.024615, 0.029709, 0.035696, 0.042688, 0.050806, 0.060174, 0.070919, 0.083172, 0.097060, 0.112707, 0.130228, 0.149727, 0.171291, 0.194989, 0.220864, 0.248930, 0.279170, 0.311529, 0.345913, 0.382183, 0.420158, 0.459610, 0.500269, 0.541817, 0.583899, 0.626121, 0.668057, 0.709258, 0.749254, 0.787570, 0.823728, 0.857260, 0.887718, 0.914686, 0.937785, 0.956683, 0.971106, 0.980843, 0.985748, 0.985748, 0.980843, 0.971107, 0.956684, 0.937786, 0.914688, 0.887720, 0.857262, 0.823730, 0.787572, 0.749257, 0.709260, 0.668060, 0.626123, 0.583901, 0.541820, 0.500271, 0.459613, 0.420160, 0.382185, 0.345915, 0.311531, 0.279172, 0.248932, 0.220865, 0.194990, 0.171292, 0.149728, 0.130229, 0.112708, 0.097061, 0.083173, 0.070920, 0.060174, 0.050807, 0.042689, 0.035696, 0.029709, 0.024615, 0.020309, 0.016694, 0.013684, 0.011199, 0.009171, 0.007541, 0.006258, 0.005280, 0.004575, 0.004119, 0.003895
0.003537, 0.003740, 0.004155, 0.004795, 0.005682, 0.006848, 0.008328, 0.010169, 0.012426, 0.015159, 0.018442, 0.022352, 0.026978, 0.032415, 0.038764, 0.046136, 0.054642, 0.064400, 0.075526, 0.088138, 0.102346, 0.118256, 0.135962, 0.155544, 0.177063, 0.200559, 0.226045, 0.253505, 0.282889, 0.314111, 0.347046, 0.381530, 0.417355, 0.454276, 0.492004, 0.530217, 0.568557, 0.606638, 0.644050, 0.680370, 0.715163, 0.747996, 0.778445, 0.806103, 0.830592, 0.851566, 0.868727, 0.881824, 0.890666, 0.895119, 0.895120, 0.890666, 0.881825, 0.868728, 0.851568, 0.830593, 0.806105, 0.778447, 0.747998, 0.715165, 0.680372, 0.644053, 0.606640, 0.568559, 0.530220, 0.492007, 0.454278, 0.417358, 0.381532, 0.347048, 0.314113, 0.282891, 0.253507, 0.226047, 0.200561, 0.177065, 0.155545, 0.135963, 0.118257, 0.102347, 0.088139, 0.075527, 0.064401, 0.054643, 0.046136, 0.038765, 0.032415, 0.026978, 0.022352, 0.018442, 0.015160, 0.012426, 0.010169, 0.008328, 0.006848, 0.005682, 0.004795, 0.004155, 0.003740, 0.003537
0.003194, 0.003378, 0.003752, 0.004330, 0.005132, 0.006184, 0.007521, 0.009183, 0.011221, 0.013690, 0.016654, 0.020185, 0.024363, 0.029272, 0.035006, 0.041663, 0.049345, 0.058156, 0.068204, 0.079593, 0.092423, 0.106791, 0.122780, 0.140464, 0.159896, 0.181114, 0.204129, 0.228927, 0.255461, 0.283656, 0.313398, 0.344537, 0.376890, 0.410230, 0.444300, 0.478808, 0.513431, 0.547819, 0.581604, 0.614402, 0.645821, 0.675471, 0.702967, 0.727944, 0.750058, 0.768999, 0.784495, 0.796323, 0.804307, 0.808329, 0.808329, 0.804307, 0.796324, 0.784496, 0.769000, 0.750059, 0.727945, 0.702969, 0.675472, 0.645823, 0.614404, 0.581606, 0.547821, 0.513433, 0.478810, 0.444302, 0.410232, 0.376891, 0.344539, 0.313399, 0.283658, 0.255463, 0.228928, 0.204131, 0.181116, 0.159898, 0.140465, 0.122781, 0.106792, 0.092424, 0.079593, 0.068205, 0.058157, 0.049345, 0.041663, 0.035007, 0.029272, 0.024363, 0.020185, 0.016654, 0.013690, 0.011221, 0.009183, 0.007521, 0.006184, 0.005132, 0.004330, 0.003752, 0.003378, 0.003194
0.002868, 0.003034, 0.003370, 0.003889, 0.004608, 0.005553, 0.006754, 0.008247, 0.010077, 0.012294, 0.014956, 0.018128, 0.021879, 0.026288, 0.031438, 0.037416, 0.044314, 0.052228, 0.061251, 0.071478, 0.083001, 0.095904, 0.110263, 0.126143, 0.143595, 0.162650, 0.183318, 0.205587, 0.229417, 0.254737, 0.281446, 0.309411, 0.338464, 0.368406, 0.399002, 0.429991, 0.461084, 0.491966, 0.522307, 0.551761, 0.579977, 0.606603, 0.631296, 0.653726, 0.673585, 0.690595, 0.704512, 0.715133, 0.722303, 0.725915, 0.725915, 0.722303, 0.715134, 0.704512, 0.690596, 0.673586, 0.653727, 0.631297, 0.606605, 0.579978, 0.551762, 0.522309, 0.491968, 0.461086, 0.429993, 0.399004, 0.368407, 0.338466, 0.309412, 0.281448, 0.254738, 0.229418, 0.205589, 0.183320, 0.162651, 0.143596, 0.126144, 0.110264, 0.095905, 0.083002, 0.071479, 0.061252, 0.052228, 0.044315, 0.037416, 0.031438, 0.026288, 0.021879, 0.018128, 0.014956, 0.012294, 0.010077, 0.008247, 0.006754, 0.005553, 0.004609, 0.003889, 0.003370, 0.003034, 0.002868
0.002562, 0.002709, 0.003009, 0.003473, 0.004116, 0.004960, 0.006032, 0.007366, 0.009000, 0.010980, 0.013357, 0.016189, 0.019540, 0.023477, 0.028076, 0.033415, 0.039576, 0.046644, 0.054702, 0.063836, 0.074127, 0.085650, 0.098474, 0.112656, 0.128242, 0.145259, 0.163718, 0.183606, 0.204887, 0.227500, 0.251353, 0.276327, 0.302274, 0.329013, 0.356338, 0.384015, 0.411783, 0.439363, 0.466459, 0.492763, 0.517962, 0.541742, 0.563794, 0.583826, 0.601562, 0.616752, 0.629181, 0.638667, 0.645070, 0.648296, 0.648296, 0.645070, 0.638667, 0.629182, 0.616753, 0.601562, 0.583827, 0.563795, 0.541743, 0.517964, 0.492765, 0.466461, 0.439364, 0.411784, 0.384016, 0.356340, 0.329015, 0.302276, 0.276329, 0.251354, 0.227501, 0.204889, 0.183607, 0.163719, 0.145260, 0.128243, 0.112657, 0.098475, 0.085651, 0.074127, 0.063837, 0.054703, 0.046644, 0.039577, 0.033416, 0.028077, 0.023478, 0.019540, 0.016190, 0.013357, 0.010980, 0.009000, 0.007366, 0.006032, 0.004960, 0.004116, 0.003473, 0.003009, 0.002709, 0.002562
0.002275, 0.002406, 0.002673, 0.003084, 0.003655, 0.004405, 0.005357, 0.006542, 0.007993, 0.009752, 0.011863, 0.014379, 0.017354, 0.020851, 0.024936, 0.029678, 0.035149, 0.041426, 0.048583, 0.056695, 0.065835, 0.076069, 0.087458, 0.100054, 0.113896, 0.129010, 0.145403, 0.163066, 0.181967, 0.202050, 0.223235, 0.245415, 0.268459, 0.292207, 0.316475, 0.341055, 0.365716, 0.390211, 0.414276, 0.437638, 0.460018, 0.481137, 0.500722, 0.518512, 0.534264, 0.547756, 0.558794, 0.567219, 0.572905, 0.575770, 0.575770, 0.572906, 0.567219, 0.558794, 0.547756, 0.534265, 0.518513, 0.500723, 0.481138, 0.460019, 0.437639, 0.414277, 0.390213, 0.365717, 0.341056, 0.316476, 0.292209, 0.268461, 0.245417, 0.223236, 0.202051, 0.181968, 0.163068, 0.145404, 0.129011, 0.113897, 0.100055, 0.087459, 0.076070, 0.065835, 0.056696, 0.048584, 0.041426, 0.035150, 0.029678, 0.024936, 0.020852, 0.017354, 0.014379, 0.011863, 0.009752, 0.007993, 0.006542, 0.005357, 0.004405, 0.003655, 0.003084, 0.002673, 0.002406, 0.002275
0.002010, 0.002125, 0.002361, 0.002724, 0.003229, 0.003891, 0.004732, 0.005778, 0.007060, 0.008613, 0.010478, 0.012699, 0.015328, 0.018416, 0.022024, 0.026212, 0.031045, 0.036588, 0.042909, 0.050074, 0.058146, 0.067185, 0.077245, 0.088369, 0.100595, 0.113943, 0.128422, 0.144023, 0.160716, 0.178453, 0.197164, 0.216754, 0.237106, 0.258081, 0.279514, 0.301223, 0.323004, 0.344638, 0.365893, 0.386526, 0.406292, 0.424945, 0.442243, 0.457955, 0.471867, 0.483783, 0.493532, 0.500973, 0.505996, 0.508526, 0.508526, 0.505996, 0.500973, 0.493533, 0.483784, 0.471868, 0.457956, 0.442244, 0.424946, 0.406293, 0.386527, 0.365894, 0.344639, 0.323005, 0.301224, 0.279516, 0.258082, 0.237108, 0.216755, 0.197165, 0.178454, 0.160717, 0.144024, 0.128423, 0.113944, 0.100596, 0.088370, 0.077245, 0.067186, 0.058147, 0.050075, 0.042910, 0.036589, 0.031045, 0.026212, 0.022024, 0.018416, 0.015328, 0.012700, 0.010478, 0.008613, 0.007060, 0.005778, 0.004732, 0.003891, 0.003229, 0.002724, 0.002361, 0.002125, 0.002010
0.001765, 0.001867, 0.002073, 0.002393, 0.002836, 0.003417, 0.004156, 0.005075, 0.006201, 0.007565, 0.009203, 0.011154, 0.013463, 0.016176, 0.019344, 0.023023, 0.027267, 0.032136, 0.037688, 0.043981, 0.051071, 0.059010, 0.067846, 0.077617, 0.088355, 0.100079, 0.112796, 0.126498, 0.141160, 0.156739, 0.173173, 0.190379, 0.208255, 0.226677, 0.245502, 0.264569, 0.283700, 0.302701, 0.321369, 0.339491, 0.356852, 0.373235, 0.388428, 0.402229, 0.414448, 0.424914, 0.433477, 0.440012, 0.444424, 0.446646, 0.446646, 0.444424, 0.440012, 0.433477, 0.424915, 0.414449, 0.402230, 0.388429, 0.373236, 0.356853, 0.339492, 0.321370, 0.302702, 0.283701, 0.264571, 0.245504, 0.226678, 0.208256, 0.190380, 0.173174, 0.156740, 0.141161, 0.126499, 0.112797, 0.100080, 0.088355, 0.077617, 0.067846, 0.059011, 0.051072, 0.043982, 0.037689, 0.032137, 0.027268, 0.023023, 0.019344, 0.016176, 0.013463, 0.011154, 0.009203, 0.007565, 0.006201, 0.005075, 0.004156, 0.003417, 0.002836, 0.002393, 0.002074, 0.001867, 0.001765
0.001542, 0.001630, 0.001811, 0.002090, 0.002477, 0.002985, 0.003630, 0.004433, 0.005416, 0.006608, 0.008038, 0.009743, 0.011759, 0.014129, 0.016896, 0.020109, 0.023817, 0.028070, 0.032919, 0.038416, 0.044608, 0.051543, 0.059260, 0.067795, 0.077173, 0.087414, 0.098522, 0.110490, 0.123296, 0.136904, 0.151258, 0.166286, 0.181900, 0.197991, 0.214434, 0.231088, 0.247797, 0.264394, 0.280699, 0.296528, 0.311691, 0.326001, 0.339271, 0.351325, 0.361998, 0.371140, 0.378619, 0.384327, 0.388180, 0.390121, 0.390121, 0.388180, 0.384327, 0.378619, 0.371140, 0.361999, 0.351326, 0.339272, 0.326002, 0.311692, 0.296529, 0.280700, 0.264395, 0.247798, 0.231089, 0.214435, 0.197992, 0.181901, 0.166287, 0.151259, 0.136905, 0.123297, 0.110491, 0.098523, 0.087415, 0.077174, 0.067795, 0.059260, 0.051543, 0.044609, 0.038416, 0.032920, 0.028070, 0.023817, 0.020109, 0.016896, 0.014129, 0.011759, 0.009743, 0.008039, 0.006608, 0.005416, 0.004433, 0.003630, 0.002985, 0.002477, 0.002090, 0.001811, 0.001631, 0.001542
0.001339, 0.001416, 0.001573, 0.001815, 0.002152, 0.002593, 0.003153, 0.003850, 0.004705, 0.005740, 0.006982, 0.008463, 0.010214, 0.012272, 0.014676, 0.017467, 0.020688, 0.024382, 0.028594, 0.033368, 0.038747, 0.044771, 0.051474, 0.058887, 0.067034, 0.075928, 0.085577, 0.095972, 0.107096, 0.118915, 0.131383, 0.144437, 0.157999, 0.171976, 0.186258, 0.200724, 0.215238, 0.229653, 0.243816, 0.257565, 0.270736, 0.283165, 0.294692, 0.305162, 0.314432, 0.322372, 0.328869, 0.333826, 0.337174, 0.338860, 0.338860, 0.337174, 0.333827, 0.328869, 0.322373, 0.314433, 0.305163, 0.294692, 0.283166, 0.270737, 0.257566, 0.243817, 0.229654, 0.215239, 0.200725, 0.186259, 0.171977, 0.158000, 0.144438, 0.131384, 0.118916, 0.107097, 0.095973, 0.085577, 0.075929, 0.067034, 0.058887, 0.051474, 0.044771, 0.038748, 0.033369, 0.028594, 0.024382, 0.020688, 0.017467, 0.014676, 0.012272, 0.010214, 0.008463, 0.006982, 0.005740, 0.004705, 0.003850, 0.003153, 0.002593, 0.002152, 0.001815, 0.001573, 0.001416, 0.001339
0.001157, 0.001223, 0.001359, 0.001568, 0.001859, 0.002240, 0.002724, 0.003326, 0.004064, 0.004958, 0.006031, 0.007310, 0.008823, 0.010601, 0.012677, 0.015088, 0.017870, 0.021061, 0.024699, 0.028823, 0.033470, 0.038672, 0.044462, 0.050866, 0.057903, 0.065586, 0.073920, 0.082900, 0.092508, 0.102718, 0.113487, 0.124763, 0.136478, 0.148550, 0.160887, 0.173382, 0.185919, 0.198371, 0.210605, 0.222481, 0.233858, 0.244594, 0.254550, 0.263594, 0.271602, 0.278460, 0.284072, 0.288354, 0.291245, 0.292701, 0.292702, 0.291245, 0.288354, 0.284072, 0.278461, 0.271602, 0.263595, 0.254551, 0.244594, 0.233859, 0.222482, 0.210606, 0.198372, 0.185920, 0.173383, 0.160888, 0.148551, 0.136479, 0.124764, 0.113488, 0.102718, 0.092509, 0.082900, 0.073921, 0.065587, 0.057903, 0.050866, 0.044463, 0.038673, 0.033470, 0.028824, 0.024699, 0.021061, 0.017870, 0.015088, 0.012677, 0.010601, 0.008823, 0.007310, 0.006031, 0.004958, 0.004064, 0.003326, 0.002724, 0.002240, 0.001859, 0.001568, 0.001359, 0.001223, 0.001157
0.000994, 0.001051, 0.001167, 0.001347, 0.001596, 0.001924, 0.002340, 0.002857, 0.003491, 0.004259, 0.005181, 0.006279, 0.007579, 0.009106, 0.010890, 0.012961, 0.015350, 0.018091, 0.021217, 0.024759, 0.028750, 0.033220, 0.038193, 0.043694, 0.049738, 0.056338, 0.063497, 0.071210, 0.079464, 0.088234, 0.097485, 0.107171, 0.117233, 0.127604, 0.138201, 0.148934, 0.159703, 0.170399, 0.180908, 0.191109, 0.200882, 0.210104, 0.218656, 0.226425, 0.233303, 0.239195, 0.244015, 0.247693, 0.250177, 0.251428, 0.251428, 0.250177, 0.247694, 0.244015, 0.239195, 0.233304, 0.226426, 0.218657, 0.210105, 0.200882, 0.191110, 0.180908, 0.170400, 0.159704, 0.148935, 0.138202, 0.127604, 0.117234, 0.107171, 0.097486, 0.088234, 0.079465, 0.071211, 0.063498, 0.056339, 0.049739, 0.043694, 0.038193, 0.033220, 0.028751, 0.024759, 0.021217, 0.018091, 0.015350, 0.012961, 0.010890, 0.009106, 0.007579, 0.006279, 0.005181, 0.004259, 0.003491, 0.002857, 0.002340, 0.001924, 0.001596, 0.001347, 0.001167, 0.001051, 0.000994
0.000849, 0.000898, 0.000997, 0.001151, 0.001364, 0.001643, 0.001999, 0.002441, 0.002982, 0.003638, 0.004426, 0.005364, 0.006474, 0.007779, 0.009302, 0.011071, 0.013113, 0.015454, 0.018124, 0.021150, 0.024559, 0.028377, 0.032626, 0.037324, 0.042488, 0.048126, 0.054241, 0.060830, 0.067880, 0.075372, 0.083274, 0.091548, 0.100144, 0.109002, 0.118055, 0.127223, 0.136422, 0.145559, 0.154536, 0.163250, 0.171598, 0.179476, 0.186781, 0.193417, 0.199293, 0.204326, 0.208443, 0.211585, 0.213707, 0.214775, 0.214775, 0.213707, 0.211586, 0.208443, 0.204326, 0.199293, 0.193418, 0.186782, 0.179476, 0.171598, 0.163250, 0.154536, 0.145560, 0.136423, 0.127224, 0.118055, 0.109003, 0.100144, 0.091548, 0.083275, 0.075372, 0.067881, 0.060830, 0.054241, 0.048126, 0.042488, 0.037325, 0.032626, 0.028377, 0.024560, 0.021150, 0.018124, 0.015454, 0.013113, 0.011071, 0.009303, 0.007779, 0.006474, 0.005364, 0.004426, 0.003638, 0.002982, 0.002441, 0.001999, 0.001643, 0.001364, 0.001151, 0.000997, 0.000898, 0.000849
0.000721, 0.000763, 0.000847, 0.000978, 0.001159, 0.001396, 0.001698, 0.002073, 0.002533, 0.003090, 0.003760, 0.004557, 0.005500, 0.006608, 0.007902, 0.009405, 0.011139, 0.013128, 0.015396, 0.017967, 0.020863, 0.024106, 0.027715, 0.031706, 0.036093, 0.040882, 0.046077, 0.051674, 0.057663, 0.064027, 0.070740, 0.077768, 0.085070, 0.092595, 0.100285, 0.108074, 0.115888, 0.123650, 0.131275, 0.138678, 0.145769, 0.152461, 0.158667, 0.164304, 0.169295, 0.173570, 0.177068, 0.179738, 0.181539, 0.182447, 0.182447, 0.181540, 0.179738, 0.177068, 0.173571, 0.169296, 0.164305, 0.158667, 0.152461, 0.145769, 0.138678, 0.131276, 0.123650, 0.115889, 0.108074, 0.100286, 0.092596, 0.085071, 0.077769, 0.070740, 0.064027, 0.057663, 0.051674, 0.046077, 0.040882, 0.036093, 0.031707, 0.027715, 0.024106, 0.020863, 0.017967, 0.015396, 0.013128, 0.011139, 0.009405, 0.007902, 0.006608, 0.005500, 0.004557, 0.003760, 0.003091, 0.002533, 0.002073, 0.001698, 0.001396, 0.001159, 0.000978, 0.000847, 0.000763, 0.000721
0.000609, 0.000644, 0.000716, 0.000826, 0.000979, 0.001179, 0.001434, 0.001751, 0.002140, 0.002611, 0.003176, 0.003849, 0.004646, 0.005582, 0.006676, 0.007945, 0.009410, 0.011090, 0.013006, 0.015178, 0.017624, 0.020364, 0.023413, 0.026785, 0.030490, 0.034536, 0.038924, 0.043652, 0.048712, 0.054088, 0.059759, 0.065696, 0.071864, 0.078221, 0.084717, 0.091297, 0.097898, 0.104455, 0.110896, 0.117150, 0.123140, 0.128793, 0.134036, 0.138798, 0.143014, 0.146626, 0.149580, 0.151835, 0.153358, 0.154124, 0.154124, 0.153358, 0.151836, 0.149581, 0.146626, 0.143015, 0.138798, 0.134036, 0.128794, 0.123141, 0.117150, 0.110897, 0.104455, 0.097898, 0.091297, 0.084718, 0.078222, 0.071865, 0.065696, 0.059759, 0.054088, 0.048712, 0.043653, 0.038924, 0.034536, 0.030490, 0.026785, 0.023413, 0.020364, 0.017624, 0.015178, 0.013006, 0.011090, 0.009410, 0.007945, 0.006676, 0.005582, 0.004646, 0.003849, 0.003176, 0.002611, 0.002140, 0.001751, 0.001434, 0.001179, 0.000979, 0.000826, 0.000716, 0.000644, 0.000609
0.000512, 0.000541, 0.000601, 0.000694, 0.000822, 0.000991, 0.001205, 0.001471, 0.001798, 0.002193, 0.002668, 0.003234, 0.003903, 0.004690, 0.005608, 0.006674, 0.007905, 0.009317, 0.010926, 0.012750, 0.014806, 0.017107, 0.019669, 0.022501, 0.025614, 0.029013, 0.032699, 0.036671, 0.040922, 0.045438, 0.050202, 0.055189, 0.060371, 0.065712, 0.071169, 0.076696, 0.082241, 0.087750, 0.093161, 0.098414, 0.103447, 0.108196, 0.112600, 0.116600, 0.120142, 0.123176, 0.125658, 0.127553, 0.128831, 0.129476, 0.129476, 0.128831, 0.127553, 0.125658, 0.123176, 0.120143, 0.116601, 0.112600, 0.108196, 0.103447, 0.098415, 0.093161, 0.087750, 0.082242, 0.076696, 0.071169, 0.065712, 0.060372, 0.055190, 0.050202, 0.045438, 0.040922, 0.036672, 0.032699, 0.029013, 0.025614, 0.022501, 0.019669, 0.017107, 0.014806, 0.012751, 0.010926, 0.009317, 0.007905, 0.006675, 0.005608, 0.004690, 0.003903, 0.003234, 0.002668, 0.002193, 0.001798, 0.001471, 0.001205, 0.000991, 0.000822, 0.000694, 0.000601, 0.000541, 0.000512
0.000428, 0.000452, 0.000502, 0.000580, 0.000687, 0.000828, 0.001007, 0.001229, 0.001502, 0.001832, 0.002229, 0.002702, 0.003261, 0.003918, 0.004685, 0.005576, 0.006604, 0.007783, 0.009128, 0.010652, 0.012369, 0.014292, 0.016431, 0.018798, 0.021398, 0.024238, 0.027317, 0.030636, 0.034186, 0.037959, 0.041939, 0.046106, 0.050435, 0.054896, 0.059455, 0.064073, 0.068705, 0.073307, 0.077828, 0.082216, 0.086420, 0.090388, 0.094067, 0.097409, 0.100368, 0.102902, 0.104976, 0.106559, 0.107627, 0.108165, 0.108165, 0.107627, 0.106559, 0.104976, 0.102903, 0.100368, 0.097409, 0.094067, 0.090388, 0.086421, 0.082216, 0.077828, 0.073307, 0.068706, 0.064073, 0.059455, 0.054897, 0.050435, 0.046106, 0.041939, 0.037959, 0.034187, 0.030636, 0.027318, 0.024238, 0.021398, 0.018798, 0.016431, 0.014292, 0.012369, 0.010652, 0.009128, 0.007783, 0.006604, 0.005576, 0.004685, 0.003918, 0.003261, 0.002702, 0.002229, 0.001832, 0.001502, 0.001229, 0.001007, 0.000828, 0.000687, 0.000580, 0.000502, 0.000452, 0.000428
0.000355, 0.000376, 0.000417, 0.000482, 0.000571, 0.000688, 0.000836, 0.001021, 0.001248, 0.001522, 0.001852, 0.002244, 0.002709, 0.003255, 0.003892, 0.004632, 0.005486, 0.006466, 0.007583, 0.008849, 0.010276, 0.011873, 0.013651, 0.015617, 0.017777, 0.020136, 0.022695, 0.025452, 0.028401, 0.031536, 0.034842, 0.038304, 0.041900, 0.045607, 0.049394, 0.053230, 0.057079, 0.060902, 0.064658, 0.068304, 0.071796, 0.075092, 0.078149, 0.080925, 0.083384, 0.085489, 0.087212, 0.088527, 0.089414, 0.089861, 0.089861, 0.089414, 0.088527, 0.087212, 0.085489, 0.083384, 0.080926, 0.078149, 0.075092, 0.071796, 0.068304, 0.064658, 0.060902, 0.057079, 0.053230, 0.049394, 0.045607, 0.041901, 0.038304, 0.034842, 0.031536, 0.028402, 0.025452, 0.022695, 0.020136, 0.017777, 0.015617, 0.013651, 0.011873, 0.010276, 0.008850, 0.007583, 0.006466, 0.005487, 0.004632, 0.003892, 0.003255, 0.002709, 0.002244, 0.001852, 0.001522, 0.001248, 0.001021, 0.000836, 0.000688, 0.000571, 0.000482, 0.000417, 0.000376, 0.000355
0.000293, 0.000310, 0.000345, 0.000398, 0.000471, 0.000568, 0.000691, 0.000844, 0.001031, 0.001258, 0.001530, 0.001854, 0.002238, 0.002689, 0.003216, 0.003827, 0.004533, 0.005342, 0.006265, 0.007311, 0.008490, 0.009810, 0.011278, 0.012902, 0.014687, 0.016636, 0.018750, 0.021028, 0.023465, 0.026054, 0.028786, 0.031646, 0.034617, 0.037680, 0.040809, 0.043978, 0.047158, 0.050316, 0.053419, 0.056431, 0.059317, 0.062040, 0.064565, 0.066859, 0.068890, 0.070630, 0.072053, 0.073139, 0.073873, 0.074242, 0.074242, 0.073873, 0.073139, 0.072053, 0.070630, 0.068890, 0.066859, 0.064566, 0.062040, 0.059317, 0.056432, 0.053419, 0.050316, 0.047158, 0.043978, 0.040809, 0.037680, 0.034618, 0.031646, 0.028786, 0.026055, 0.023465, 0.021028, 0.018750, 0.016636, 0.014687, 0.012903, 0.011278, 0.009810, 0.008490, 0.007311, 0.006265, 0.005342, 0.004533, 0.003827, 0.003216, 0.002689, 0.002238, 0.001854, 0.001530, 0.001258, 0.001031, 0.000844, 0.000691, 0.000568, 0.000471, 0.000398, 0.000345, 0.000310, 0.000293
0.000241, 0.000255, 0.000283, 0.000327, 0.000387, 0.000467, 0.000568, 0.000693, 0.000847, 0.001033, 0.001257, 0.001524, 0.001839, 0.002209, 0.002642, 0.003145, 0.003724, 0.004389, 0.005148, 0.006007, 0.006976, 0.008060, 0.009267, 0.010601, 0.012068, 0.013669, 0.015406, 0.017277, 0.019280, 0.021407, 0.023652, 0.026002, 0.028443, 0.030959, 0.033530, 0.036134, 0.038747, 0.041342, 0.043891, 0.046366, 0.048737, 0.050975, 0.053049, 0.054934, 0.056603, 0.058032, 0.059202, 0.060094, 0.060697, 0.061000, 0.061000, 0.060697, 0.060094, 0.059202, 0.058032, 0.056603, 0.054934, 0.053050, 0.050975, 0.048737, 0.046366, 0.043891, 0.041342, 0.038747, 0.036134, 0.033530, 0.030959, 0.028443, 0.026002, 0.023652, 0.021408, 0.019280, 0.017277, 0.015406, 0.013669, 0.012068, 0.010601, 0.009267, 0.008060, 0.006976, 0.006007, 0.005148, 0.004390, 0.003724, 0.003145, 0.002642, 0.002209, 0.001839, 0.001524, 0.001257, 0.001033, 0.000847, 0.000693, 0.000568, 0.000467, 0.000387, 0.000327, 0.000283, 0.000255, 0.000241
0.000197, 0.000208, 0.000231, 0.000267, 0.000317, 0.000381, 0.000464, 0.000566, 0.000692, 0.000844, 0.001027, 0.001245, 0.001503, 0.001806, 0.002159, 0.002570, 0.003043, 0.003587, 0.004207, 0.004909, 0.005700, 0.006586, 0.007572, 0.008663, 0.009861, 0.011170, 0.012589, 0.014118, 0.015755, 0.017493, 0.019327, 0.021248, 0.023243, 0.025299, 0.027400, 0.029527, 0.031662, 0.033783, 0.035866, 0.037889, 0.039826, 0.041654, 0.043350, 0.044890, 0.046254, 0.047422, 0.048377, 0.049107, 0.049599, 0.049847, 0.049847, 0.049599, 0.049107, 0.048377, 0.047422, 0.046254, 0.044890, 0.043350, 0.041655, 0.039826, 0.037889, 0.035866, 0.033783, 0.031663, 0.029528, 0.027400, 0.025299, 0.023243, 0.021248, 0.019328, 0.017493, 0.015755, 0.014118, 0.012589, 0.011170, 0.009861, 0.008663, 0.007572, 0.006586, 0.005700, 0.004909, 0.004207, 0.003587, 0.003044, 0.002570, 0.002159, 0.001806, 0.001503, 0.001245, 0.001027, 0.000844, 0.000692, 0.000566, 0.000464, 0.000381, 0.000317, 0.000267, 0.000231, 0.000208, 0.000197
0.000160, 0.000169, 0.000188, 0.000217, 0.000257, 0.000310, 0.000377, 0.000460, 0.000563, 0.000686, 0.000835, 0.001012, 0.001221, 0.001467, 0.001755, 0.002089, 0.002474, 0.002915, 0.003419, 0.003990, 0.004633, 0.005353, 0.006155, 0.007041, 0.008015, 0.009079, 0.010232, 0.011475, 0.012805, 0.014218, 0.015709, 0.017270, 0.018891, 0.020562, 0.022270, 0.023999, 0.025735, 0.027458, 0.029151, 0.030795, 0.032370, 0.033856, 0.035234, 0.036486, 0.037594, 0.038543, 0.039320, 0.039913, 0.040313, 0.040515, 0.040515, 0.040313, 0.039913, 0.039320, 0.038543, 0.037594, 0.036486, 0.035234, 0.033856, 0.032370, 0.030795, 0.029152, 0.027458, 0.025735, 0.023999, 0.022270, 0.020562, 0.018891, 0.017270, 0.015709, 0.014218, 0.012805, 0.011475, 0.010232, 0.009079, 0.008015, 0.007041, 0.006155, 0.005353, 0.004633, 0.003990, 0.003419, 0.002915, 0.002474, 0.002089, 0.001755, 0.001468, 0.001221, 0.001012, 0.000835, 0.000686, 0.000563, 0.000460, 0.000377, 0.000310, 0.000257, 0.000217, 0.000188, 0.000169, 0.000160
0.000130, 0.000137, 0.000152, 0.000176, 0.000208, 0.000251, 0.000305, 0.000372, 0.000455, 0.000555, 0.000675, 0.000818, 0.000988, 0.001187, 0.001419, 0.001689, 0.002000, 0.002357, 0.002765, 0.003226, 0.003746, 0.004328, 0.004977, 0.005693, 0.006481, 0.007341, 0.008273, 0.009278, 0.010354, 0.011496, 0.012702, 0.013964, 0.015275, 0.016626, 0.018007, 0.019405, 0.020808, 0.022202, 0.023571, 0.024900, 0.026173, 0.027375, 0.028489, 0.029501, 0.030397, 0.031165, 0.031793, 0.032272, 0.032596, 0.032759, 0.032759, 0.032596, 0.032272, 0.031793, 0.031165, 0.030397, 0.029501, 0.028489, 0.027375, 0.026173, 0.024900, 0.023571, 0.022202, 0.020808, 0.019405, 0.018007, 0.016626, 0.015275, 0.013964, 0.012702, 0.011496, 0.010354, 0.009278, 0.008274, 0.007341, 0.006481, 0.005693, 0.004977, 0.004329, 0.003746, 0.003226, 0.002765, 0.002357, 0.002000, 0.001689, 0.001419, 0.001187, 0.000988, 0.000818, 0.000675, 0.000555, 0.000455, 0.000372, 0.000305, 0.000251, 0.000208, 0.000176, 0.000152, 0.000137, 0.000130
0.000104, 0.000110, 0.000122, 0.000141, 0.000167, 0.000202, 0.000245, 0.000300, 0.000366, 0.000447, 0.000543, 0.000658, 0.000795, 0.000955, 0.001142, 0.001359, 0.001609, 0.001897, 0.002224, 0.002596, 0.003014, 0.003483, 0.004004, 0.004581, 0.005215, 0.005906, 0.006657, 0.007466, 0.008331, 0.009250, 0.010220, 0.011235, 0.012290, 0.013377, 0.014488, 0.015613, 0.016742, 0.017864, 0.018965, 0.020035, 0.021059, 0.022026, 0.022922, 0.023737, 0.024458, 0.025075, 0.025581, 0.025966, 0.026227, 0.026358, 0.026358, 0.026227, 0.025966, 0.025581, 0.025076, 0.024458, 0.023737, 0.022923, 0.022026, 0.021059, 0.020035, 0.018965, 0.017864, 0.016742, 0.015614, 0.014488, 0.013377, 0.012290, 0.011235, 0.010220, 0.009250, 0.008331, 0.007466, 0.006657, 0.005906, 0.005215, 0.004581, 0.004004, 0.003483, 0.003014, 0.002596, 0.002224, 0.001897, 0.001609, 0.001359, 0.001142, 0.000955, 0.000795, 0.000658, 0.000543, 0.000447, 0.000366, 0.000300, 0.000245, 0.000202, 0.000167, 0.000141, 0.000122, 0.000110, 0.000104
0.000083, 0.000088, 0.000098, 0.000113, 0.000134, 0.000162, 0.000197, 0.000240, 0.000293, 0.000358, 0.000435, 0.000527, 0.000637, 0.000765, 0.000915, 0.001089, 0.001289, 0.001519, 0.001782, 0.002080, 0.002415, 0.002790, 0.003208, 0.003670, 0.004177, 0.004732, 0.005333, 0.005981, 0.006674, 0.007410, 0.008187, 0.009001, 0.009846, 0.010717, 0.011607, 0.012508, 0.013412, 0.014311, 0.015193, 0.016050, 0.016871, 0.017645, 0.018363, 0.019016, 0.019593, 0.020088, 0.020493, 0.020802, 0.021010, 0.021115, 0.021115, 0.021010, 0.020802, 0.020493, 0.020088, 0.019593, 0.019016, 0.018363, 0.017645, 0.016871, 0.016050, 0.015193, 0.014311, 0.013412, 0.012508, 0.011607, 0.010717, 0.009846, 0.009001, 0.008187, 0.007410, 0.006674, 0.005981, 0.005333, 0.004732, 0.004177, 0.003670, 0.003208, 0.002790, 0.002415, 0.002080, 0.001782, 0.001519, 0.001289, 0.001089, 0.000915, 0.000765, 0.000637, 0.000527, 0.000435, 0.000358, 0.000293, 0.000240, 0.000197, 0.000162, 0.000134, 0.000113, 0.000098, 0.000088, 0.000083
0.000067, 0.000070, 0.000078, 0.000090, 0.000107, 0.000129, 0.000157, 0.000192, 0.000234, 0.000286, 0.000347, 0.000421, 0.000508, 0.000611, 0.000730, 0.000869, 0.001029, 0.001213, 0.001423, 0.001660, 0.001928, 0.002227, 0.002561, 0.002930, 0.003335, 0.003778, 0.004258, 0.004775, 0.005328, 0.005916, 0.006536, 0.007186, 0.007861, 0.008556, 0.009266, 0.009986, 0.010708, 0.011425, 0.012130, 0.012814, 0.013469, 0.014087, 0.014661, 0.015182, 0.015643, 0.016038, 0.016361, 0.016607, 0.016774, 0.016858, 0.016858, 0.016774, 0.016608, 0.016361, 0.016038, 0.015643, 0.015182, 0.014661, 0.014087, 0.013469, 0.012814, 0.012130, 0.011425, 0.010708, 0.009986, 0.009266, 0.008556, 0.007861, 0.007186, 0.006536, 0.005916, 0.005328, 0.004775, 0.004258, 0.003778, 0.003335, 0.002930, 0.002561, 0.002228, 0.001928, 0.001660, 0.001423, 0.001213, 0.001029, 0.000869, 0.000730, 0.000611, 0.000508, 0.000421, 0.000347, 0.000286, 0.000234, 0.000192, 0.000157, 0.000129, 0.000107, 0.000090, 0.000078, 0.000070, 0.000067
0.000053, 0.000056, 0.000062, 0.000072, 0.000085, 0.000103, 0.000125, 0.000153, 0.000187, 0.000228, 0.000277, 0.000336, 0.000405, 0.000487, 0.000582, 0.000693, 0.000820, 0.000967, 0.001134, 0.001323, 0.001536, 0.001775, 0.002041, 0.002335, 0.002658, 0.003010, 0.003393, 0.003805, 0.004246, 0.004715, 0.005209, 0.005727, 0.006264, 0.006818, 0.007385, 0.007958, 0.008534, 0.009105, 0.009667, 0.010212, 0.010734, 0.011227, 0.011684, 0.012099, 0.012466, 0.012781, 0.013039, 0.013235, 0.013368, 0.013435, 0.013435, 0.013368, 0.013235, 0.013039, 0.012781, 0.012466, 0.012099, 0.011684, 0.011227, 0.010734, 0.010212, 0.009667, 0.009105, 0.008534, 0.007958, 0.007385, 0.006818, 0.006264, 0.005727, 0.005209, 0.004715, 0.004246, 0.003805, 0.003393, 0.003011, 0.002658, 0.002335, 0.002041, 0.001775, 0.001536, 0.001323, 0.001134, 0.000967, 0.000820, 0.000693, 0.000582, 0.000487, 0.000405, 0.000336, 0.000277, 0.000228, 0.000187, 0.000153, 0.000125, 0.000103, 0.000085, 0.000072, 0.000062, 0.000056, 0.000053
0.000042, 0.000045, 0.000050, 0.000057, 0.000068, 0.000082, 0.000100, 0.000122, 0.000149, 0.000182, 0.000221, 0.000268, 0.000323, 0.000388, 0.000464, 0.000552, 0.000654, 0.000771, 0.000904, 0.001055, 0.001226, 0.001416, 0.001628, 0.001863, 0.002120, 0.002402, 0.002707, 0.003035, 0.003387, 0.003761, 0.004155, 0.004568, 0.004997, 0.005439, 0.005891, 0.006348, 0.006807, 0.007263, 0.007711, 0.008146, 0.008563, 0.008956, 0.009320, 0.009651, 0.009945, 0.010196, 0.010401, 0.010558, 0.010664, 0.010717, 0.010717, 0.010664, 0.010558, 0.010401, 0.010196, 0.009945, 0.009651, 0.009320, 0.008956, 0.008563, 0.008146, 0.007711, 0.007263, 0.006807, 0.006348, 0.005891, 0.005439, 0.004997, 0.004568, 0.004155, 0.003761, 0.003387, 0.003035, 0.002707, 0.002402, 0.002120, 0.001863, 0.001628, 0.001416, 0.001226, 0.001055, 0.000904, 0.000771, 0.000654, 0.000552, 0.000464, 0.000388, 0.000323, 0.000268, 0.000221, 0.000182, 0.000149, 0.000122, 0.000100, 0.000082, 0.000068, 0.000057, 0.000050, 0.000045, 0.000042
0.000034, 0.000036, 0.000040, 0.000046, 0.000055, 0.000066, 0.000080, 0.000098, 0.000119, 0.000146, 0.000177, 0.000215, 0.000259, 0.000311, 0.000372, 0.000443, 0.000525, 0.000619, 0.000726, 0.000847, 0.000983, 0.001136, 0.001306, 0.001494, 0.001701, 0.001926, 0.002171, 0.002435, 0.002717, 0.003017, 0.003333, 0.003665, 0.004009, 0.004363, 0.004726, 0.005093, 0.005461, 0.005827, 0.006186, 0.006535, 0.006869, 0.007184, 0.007477, 0.007742, 0.007978, 0.008179, 0.008344, 0.008470, 0.008555, 0.008597, 0.008597, 0.008555, 0.008470, 0.008344, 0.008179, 0.007978, 0.007742, 0.007477, 0.007184, 0.006869, 0.006535, 0.006186, 0.005827, 0.005461, 0.005093, 0.004726, 0.004363, 0.004009, 0.003665, 0.003333, 0.003017, 0.002717, 0.002435, 0.002171, 0.001926, 0.001701, 0.001494, 0.001306, 0.001136, 0.000983, 0.000847, 0.000726, 0.000619, 0.000525, 0.000443, 0.000372, 0.000311, 0.000259, 0.000215, 0.000177, 0.000146, 0.000119, 0.000098, 0.000080, 0.000066, 0.000055, 0.000046, 0.000040, 0.000036, 0.000034
0.000028, 0.000029, 0.000032, 0.000037, 0.000044, 0.000053, 0.000065, 0.000079, 0.000097, 0.000118, 0.000144, 0.000174, 0.000211, 0.000253, 0.000303, 0.000360, 0.000427, 0.000503, 0.000590, 0.000688, 0.000799, 0.000923, 0.001061, 0.001214, 0.001382, 0.001565, 0.001764, 0.001979, 0.002208, 0.002452, 0.002709, 0.002978, 0.003258, 0.003546, 0.003840, 0.004139, 0.004438, 0.004735, 0.005027, 0.005310, 0.005582, 0.005838, 0.006076, 0.006292, 0.006483, 0.006647, 0.006781, 0.006883, 0.006952, 0.006987, 0.006987, 0.006952, 0.006883, 0.006781, 0.006647, 0.006483, 0.006292, 0.006076, 0.005838, 0.005582, 0.005311, 0.005027, 0.004735, 0.004438, 0.004139, 0.003840, 0.003546, 0.003258, 0.002978, 0.002709, 0.002452, 0.002208, 0.001979, 0.001764, 0.001566, 0.001382, 0.001214, 0.001061, 0.000923, 0.000799, 0.000688, 0.000590, 0.000503, 0.000427, 0.000360, 0.000303, 0.000253, 0.000211, 0.000174, 0.000144, 0.000118, 0.000097, 0.000079, 0.000065, 0.000053, 0.000044, 0.000037, 0.000032, 0.000029, 0.000028
0.000023, 0.000024, 0.000027, 0.000031, 0.000037, 0.000044, 0.000054, 0.000066, 0.000081, 0.000098, 0.000120, 0.000145, 0.000175, 0.000211, 0.000252, 0.000300, 0.000355, 0.000418, 0.000491, 0.000573, 0.000665, 0.000768, 0.000883, 0.001010, 0.001150, 0.001303, 0.001468, 0.001647, 0.001838, 0.002041, 0.002254, 0.002478, 0.002711, 0.002951, 0.003196, 0.003444, 0.003693, 0.003941, 0.004184, 0.004420, 0.004646, 0.004859, 0.005057, 0.005237, 0.005396, 0.005532, 0.005643, 0.005728, 0.005786, 0.005815, 0.005815, 0.005786, 0.005728, 0.005643, 0.005532, 0.005396, 0.005237, 0.005057, 0.004859, 0.004646, 0.004420, 0.004184, 0.003941, 0.003693, 0.003444, 0.003196, 0.002951, 0.002711, 0.002478, 0.002254, 0.002041, 0.001838, 0.001647, 0.001468, 0.001303, 0.001150, 0.001010, 0.000883, 0.000768, 0.000665, 0.000573, 0.000491, 0.000418, 0.000355, 0.000300, 0.000252, 0.000211, 0.000175, 0.000145, 0.000120, 0.000098, 0.000081, 0.000066, 0.000054, 0.000044, 0.000037, 0.000031, 0.000027, 0.000024, 0.000023
0.000020, 0.000021, 0.000023, 0.000027, 0.000032, 0.000038, 0.000047, 0.000057, 0.000070, 0.000085, 0.000104, 0.000126, 0.000152, 0.000182, 0.000218, 0.000259, 0.000307, 0.000362, 0.000424, 0.000495, 0.000575, 0.000664, 0.000764, 0.000874, 0.000995, 0.001127, 0.001270, 0.001424, 0.001589, 0.001765, 0.001950, 0.002143, 0.002345, 0.002552, 0.002764, 0.002979, 0.003194, 0.003408, 0.003618, 0.003822, 0.004018, 0.004202, 0.004373, 0.004529, 0.004666, 0.004784, 0.004880, 0.004954, 0.005004, 0.005029, 0.005029, 0.005004, 0.004954, 0.004880, 0.004784, 0.004666, 0.004529, 0.004373, 0.004202, 0.004018, 0.003822, 0.003618, 0.003408, 0.003194, 0.002979, 0.002764, 0.002552, 0.002345, 0.002143, 0.001950, 0.001765, 0.001589, 0.001424, 0.001270, 0.001127, 0.000995, 0.000874, 0.000764, 0.000664, 0.000575, 0.000495, 0.000424, 0.000362, 0.000307, 0.000259, 0.000218, 0.000182, 0.000152, 0.000126, 0.000104, 0.000085, 0.000070, 0.000057, 0.000047, 0.000038, 0.000032, 0.000027, 0.000023, 0.000021, 0.000020
0.000018, 0.000019, 0.000021, 0.000025, 0.000029, 0.000035, 0.000043, 0.000052, 0.000064, 0.000078, 0.000095, 0.000115, 0.000138, 0.000166, 0.000199, 0.000237, 0.000280, 0.000330, 0.000387, 0.000452, 0.000525, 0.000606, 0.000697, 0.000798, 0.000908, 0.001029, 0.001159, 0.001300, 0.001451, 0.001611, 0.001780, 0.001957, 0.002141, 0.002330, 0.002523, 0.002719, 0.002916, 0.003111, 0.003303, 0.003490, 0.003668, 0.003837, 0.003993, 0.004135, 0.004260, 0.004368, 0.004456, 0.004523, 0.004568, 0.004591, 0.004591, 0.004568, 0.004523, 0.004456, 0.004368, 0.004260, 0.004135, 0.003993, 0.003837, 0.003668, 0.003490, 0.003303, 0.003111, 0.002916, 0.002719, 0.002523, 0.002330, 0.002141, 0.001957, 0.001780, 0.001611, 0.001451, 0.001300, 0.001159, 0.001029, 0.000908, 0.000798, 0.000697, 0.000606, 0.000525, 0.000452, 0.000387, 0.000330, 0.000280, 0.000237, 0.000199, 0.000166, 0.000138, 0.000115, 0.000095, 0.000078, 0.000064, 0.000052, 0.000043, 0.000035, 0.000029, 0.000025, 0.000021, 0.000019, 0.000018
0.000018, 0.000019, 0.000021, 0.000024, 0.000028, 0.000034, 0.000042, 0.000051, 0.000062, 0.000076, 0.000092, 0.000112, 0.000135, 0.000162, 0.000194, 0.000231, 0.000273, 0.000322, 0.000378, 0.000441, 0.000512, 0.000592, 0.000680, 0.000778, 0.000886, 0.001004, 0.001131, 0.001269, 0.001416, 0.001572, 0.001737, 0.001910, 0.002089, 0.002274, 0.002463, 0.002654, 0.002846, 0.003037, 0.003224, 0.003406, 0.003580, 0.003745, 0.003897, 0.004036, 0.004158, 0.004263, 0.004349, 0.004415, 0.004459, 0.004481, 0.004481, 0.004459, 0.004415, 0.004349, 0.004263, 0.004158, 0.004036, 0.003897, 0.003745, 0.003580, 0.003406, 0.003224, 0.003037, 0.002846, 0.002654, 0.002463, 0.002274, 0.002089, 0.001910, 0.001737, 0.001572, 0.001416, 0.001269, 0.001131, 0.001004, 0.000886, 0.000778, 0.000680, 0.000592, 0.000512, 0.000441, 0.000378, 0.000322, 0.000273, 0.000231, 0.000194, 0.000162, 0.000135, 0.000112, 0.000092, 0.000076, 0.000062, 0.000051, 0.000042, 0.000034, 0.000028, 0.000024, 0.000021, 0.000019, 0.000018
0.000019, 0.000020, 0.000022, 0.000025, 0.000030, 0.000036, 0.000044, 0.000053, 0.000065, 0.000079, 0.000097, 0.000117, 0.000141, 0.000170, 0.000203, 0.000242, 0.000286, 0.000337, 0.000396, 0.000462, 0.000536, 0.000620, 0.000712, 0.000815, 0.000928, 0.001051, 0.001184, 0.001328, 0.001482, 0.001646, 0.001819, 0.002000, 0.002187, 0.002381, 0.002579, 0.002779, 0.002980, 0.003180, 0.003376, 0.003566, 0.003749, 0.003921, 0.004080, 0.004225, 0.004354, 0.004464, 0.004554, 0.004622, 0.004669, 0.004692, 0.004692, 0.004669, 0.004622, 0.004554, 0.004464, 0.004354, 0.004225, 0.004080, 0.003921, 0.003749, 0.003566, 0.003376, 0.003180, 0.002980, 0.002779, 0.002579, 0.002381, 0.002187, 0.002000, 0.001819, 0.001646, 0.001482, 0.001328, 0.001185, 0.001051, 0.000928, 0.000815, 0.000712, 0.000620, 0.000536, 0.000462, 0.000396, 0.000337, 0.000286, 0.000242, 0.000203, 0.000170, 0.000141, 0.000117, 0.000097, 0.000079, 0.000065, 0.000053, 0.000044, 0.000036, 0.000030, 0.000025, 0.000022, 0.000020, 0.000019
0.000021, 0.000022, 0.000024, 0.000028, 0.000033, 0.000040, 0.000049, 0.000059, 0.000073, 0.000089, 0.000108, 0.000131, 0.000158, 0.000189, 0.000226, 0.000269, 0.000319, 0.000376, 0.000441, 0.000515, 0.000598, 0.000691, 0.000794, 0.000909, 0.001035, 0.001172, 0.001321, 0.001481, 0.001653, 0.001836, 0.002028, 0.002230, 0.002439, 0.002655, 0.002876, 0.003099, 0.003323, 0.003546, 0.003765, 0.003977, 0.004180, 0.004372, 0.004550, 0.004712, 0.004855, 0.004978, 0.005078, 0.005155, 0.005207, 0.005233, 0.005233, 0.005207, 0.005155, 0.005078, 0.004978, 0.004855, 0.004712, 0.004550, 0.004372, 0.004180, 0.003977, 0.003765, 0.003546, 0.003323, 0.003099, 0.002876, 0.002655, 0.002439, 0.002230, 0.002028, 0.001836, 0.001653, 0.001481, 0.001321, 0.001172, 0.001035, 0.000909, 0.000794, 0.000691, 0.000598, 0.000515, 0.000441, 0.000376, 0.000319, 0.000269, 0.000226, 0.000189, 0.000158, 0.000131, 0.000108, 0.000089, 0.000073, 0.000059, 0.000049, 0.000040, 0.000033, 0.000028, 0.000024, 0.000022, 0.000021
0.000024, 0.000026, 0.000028, 0.000033, 0.000039, 0.000047, 0.000057, 0.000069, 0.000085, 0.000104, 0.000126, 0.000153, 0.000184, 0.000222, 0.000265, 0.000315, 0.000374, 0.000440, 0.000516, 0.000603, 0.000700, 0.000809, 0.000930, 0.001064, 0.001211, 0.001372, 0.001546, 0.001734, 0.001935, 0.002149, 0.002374, 0.002610, 0.002856, 0.003108, 0.003367, 0.003628, 0.003891, 0.004151, 0.004407, 0.004656, 0.004894, 0.005119, 0.005327, 0.005517, 0.005684, 0.005828, 0.005945, 0.006035, 0.006096, 0.006126, 0.006126, 0.006096, 0.006035, 0.005945, 0.005828, 0.005684, 0.005517, 0.005327, 0.005119, 0.004894, 0.004656, 0.004407, 0.004151, 0.003891, 0.003628, 0.003367, 0.003108, 0.002856, 0.002610, 0.002374, 0.002149, 0.001935, 0.001734, 0.001546, 0.001372, 0.001211, 0.001064, 0.000930, 0.000809, 0.000700, 0.000603, 0.000516, 0.000440, 0.000374, 0.000315, 0.000265, 0.000222, 0.000184, 0.000153, 0.000126, 0.000104, 0.000085, 0.000069, 0.000057, 0.000047, 0.000039, 0.000033, 0.000028, 0.000026, 0.000024
0.000029, 0.000031, 0.000034, 0.000040, 0.000047, 0.000057, 0.000069, 0.000084, 0.000103, 0.000125, 0.000152, 0.000185, 0.000223, 0.000268, 0.000321, 0.000382, 0.000452, 0.000533, 0.000625, 0.000729, 0.000847, 0.000978, 0.001125, 0.001287, 0.001465, 0.001660, 0.001871, 0.002098, 0.002341, 0.002600, 0.002873, 0.003158, 0.003455, 0.003760, 0.004073, 0.004389, 0.004707, 0.005022, 0.005332, 0.005633, 0.005921, 0.006193, 0.006445, 0.006674, 0.006877, 0.007051, 0.007193, 0.007302, 0.007375, 0.007412, 0.007412, 0.007375, 0.007302, 0.007193, 0.007051, 0.006877, 0.006674, 0.006445, 0.006193, 0.005921, 0.005633, 0.005332, 0.005022, 0.004707, 0.004389, 0.004073, 0.003761, 0.003455, 0.003158, 0.002873, 0.002600, 0.002341, 0.002098, 0.001871, 0.001660, 0.001465, 0.001287, 0.001125, 0.000978, 0.000847, 0.000729, 0.000625, 0.000533, 0.000452, 0.000382, 0.000321, 0.000268, 0.000223, 0.000185, 0.000152, 0.000125, 0.000103, 0.000084, 0.000069, 0.000057, 0.000047, 0.000040, 0.000034, 0.000031, 0.000029
0.000036, 0.000038, 0.000042, 0.000049, 0.000058, 0.000070, 0.000085, 0.000104, 0.000127, 0.000155, 0.000188, 0.000228, 0.000275, 0.000331, 0.000396, 0.000471, 0.000558, 0.000657, 0.000771, 0.000900, 0.001045, 0.001207, 0.001388, 0.001588, 0.001808, 0.002048, 0.002308, 0.002588, 0.002889, 0.003208, 0.003544, 0.003896, 0.004262, 0.004639, 0.005025, 0.005415, 0.005807, 0.006196, 0.006578, 0.006950, 0.007305, 0.007641, 0.007952, 0.008234, 0.008485, 0.008699, 0.008874, 0.009008, 0.009099, 0.009144, 0.009144, 0.009099, 0.009008, 0.008874, 0.008699, 0.008485, 0.008234, 0.007952, 0.007641, 0.007305, 0.006950, 0.006578, 0.006196, 0.005807, 0.005415, 0.005025, 0.004639, 0.004262, 0.003896, 0.003544, 0.003208, 0.002889, 0.002588, 0.002308, 0.002048, 0.001808, 0.001588, 0.001388, 0.001207, 0.001045, 0.000900, 0.000771, 0.000657, 0.000558, 0.000471, 0.000396, 0.000331, 0.000275, 0.000228, 0.000188, 0.000155, 0.000127, 0.000104, 0.000085, 0.000070, 0.000058, 0.000049, 0.000042, 0.000038, 0.000036
0.000045, 0.000048, 0.000053, 0.000061, 0.000072, 0.000087, 0.000106, 0.000129, 0.000158, 0.000193, 0.000234, 0.000284, 0.000343, 0.000412, 0.000493, 0.000587, 0.000695, 0.000819, 0.000961, 0.001121, 0.001302, 0.001504, 0.001730, 0.001979, 0.002253, 0.002552, 0.002876, 0.003226, 0.003600, 0.003997, 0.004416, 0.004855, 0.005311, 0.005782, 0.006262, 0.006748, 0.007237, 0.007721, 0.008198, 0.008660, 0.009103, 0.009522, 0.009909, 0.010262, 0.010573, 0.010840, 0.011059, 0.011226, 0.011338, 0.011395, 0.011395, 0.011338, 0.011226, 0.011059, 0.010841, 0.010573, 0.010262, 0.009909, 0.009522, 0.009103, 0.008660, 0.008198, 0.007722, 0.007237, 0.006748, 0.006262, 0.005782, 0.005312, 0.004855, 0.004416, 0.003997, 0.003600, 0.003226, 0.002876, 0.002552, 0.002253, 0.001979, 0.001730, 0.001504, 0.001302, 0.001121, 0.000961, 0.000819, 0.000695, 0.000587, 0.000493, 0.000412, 0.000343, 0.000284, 0.000234, 0.000193, 0.000158, 0.000129, 0.000106, 0.000087, 0.000072, 0.000061, 0.000053, 0.000048, 0.000045
0.000056, 0.000059, 0.000066, 0.000076, 0.000090, 0.000109, 0.000132, 0.000162, 0.000198, 0.000241, 0.000293, 0.000355, 0.000429, 0.000516, 0.000617, 0.000734, 0.000869, 0.001025, 0.001202, 0.001402, 0.001628, 0.001882, 0.002164, 0.002475, 0.002818, 0.003192, 0.003598, 0.004035, 0.004503, 0.005000, 0.005525, 0.006074, 0.006644, 0.007232, 0.007833, 0.008442, 0.009052, 0.009659, 0.010255, 0.010833, 0.011388, 0.011911, 0.012396, 0.012836, 0.013227, 0.013561, 0.013834, 0.014043, 0.014184, 0.014254, 0.014254, 0.014184, 0.014043, 0.013834, 0.013561, 0.013227, 0.012836, 0.012396, 0.011911, 0.011388, 0.010834, 0.010255, 0.009659, 0.009053, 0.008442, 0.007833, 0.007232, 0.006644, 0.006074, 0.005525, 0.005000, 0.004503, 0.004035, 0.003598, 0.003192, 0.002818, 0.002475, 0.002164, 0.001882, 0.001628, 0.001402, 0.001202, 0.001025, 0.000869, 0.000734, 0.000617, 0.000516, 0.000429, 0.000355, 0.000293, 0.000241, 0.000198, 0.000162, 0.000132, 0.000109, 0.000090, 0.000076, 0.000066, 0.000059, 0.000056
0.000070, 0.000074, 0.000083, 0.000095, 0.000113, 0.000136, 0.000166, 0.000202, 0.000247, 0.000301, 0.000367, 0.000445, 0.000537, 0.000645, 0.000771, 0.000918, 0.001087, 0.001282, 0.001503, 0.001754, 0.002037, 0.002354, 0.002706, 0.003096, 0.003525, 0.003993, 0.004500, 0.005047, 0.005633, 0.006255, 0.006911, 0.007598, 0.008311, 0.009047, 0.009798, 0.010560, 0.011324, 0.012082, 0.012828, 0.013551, 0.014245, 0.014899, 0.015506, 0.016057, 0.016545, 0.016963, 0.017305, 0.017566, 0.017742, 0.017831, 0.017831, 0.017742, 0.017566, 0.017305, 0.016963, 0.016545, 0.016057, 0.015506, 0.014899, 0.014245, 0.013552, 0.012828, 0.012082, 0.011324, 0.010560, 0.009798, 0.009047, 0.008311, 0.007598, 0.006911, 0.006255, 0.005633, 0.005047, 0.004500, 0.003993, 0.003525, 0.003096, 0.002706, 0.002354, 0.002037, 0.001754, 0.001503, 0.001282, 0.001087, 0.000918, 0.000771, 0.000645, 0.000537, 0.000445, 0.000367, 0.000302, 0.000247, 0.000202, 0.000166, 0.000136, 0.000113, 0.000095, 0.000083, 0.000074, 0.000070
0.000088, 0.000093, 0.000103, 0.000119, 0.000141, 0.000170, 0.000207, 0.000252, 0.000308, 0.000376, 0.000458, 0.000555, 0.000670, 0.000805, 0.000963, 0.001146, 0.001357, 0.001599, 0.001876, 0.002189, 0.002542, 0.002938, 0.003378, 0.003864, 0.004399, 0.004983, 0.005617, 0.006299, 0.007030, 0.007806, 0.008624, 0.009482, 0.010372, 0.011290, 0.012228, 0.013179, 0.014132, 0.015079, 0.016009, 0.016912, 0.017777, 0.018594, 0.019351, 0.020039, 0.020648, 0.021169, 0.021596, 0.021922, 0.022142, 0.022253, 0.022253, 0.022142, 0.021922, 0.021596, 0.021169, 0.020648, 0.020039, 0.019351, 0.018594, 0.017777, 0.016912, 0.016009, 0.015079, 0.014132, 0.013179, 0.012228, 0.011290, 0.010372, 0.009482, 0.008625, 0.007806, 0.007030, 0.006299, 0.005617, 0.004983, 0.004399, 0.003864, 0.003378, 0.002938, 0.002542, 0.002189, 0.001876, 0.001599, 0.001357, 0.001146, 0.000963, 0.000805, 0.000670, 0.000555, 0.000458, 0.000376, 0.000308, 0.000252, 0.000207, 0.000170, 0.000141, 0.000119, 0.000103, 0.000093, 0.000088
0.000109, 0.000115, 0.000128, 0.000148, 0.000175, 0.000211, 0.000257, 0.000314, 0.000383, 0.000468, 0.000569, 0.000690, 0.000833, 0.001001, 0.001197, 0.001425, 0.001687, 0.001989, 0.002333, 0.002722, 0.003161, 0.003653, 0.004200, 0.004805, 0.005470, 0.006196, 0.006984, 0.007833, 0.008741, 0.009706, 0.010724, 0.011790, 0.012898, 0.014039, 0.015206, 0.016387, 0.017572, 0.018750, 0.019907, 0.021030, 0.022105, 0.023121, 0.024062, 0.024917, 0.025675, 0.026323, 0.026854, 0.027259, 0.027532, 0.027670, 0.027670, 0.027532, 0.027259, 0.026854, 0.026323, 0.025675, 0.024917, 0.024062, 0.023121, 0.022105, 0.021030, 0.019907, 0.018750, 0.017572, 0.016387, 0.015206, 0.014039, 0.012898, 0.011790, 0.010724, 0.009706, 0.008741, 0.007833, 0.006984, 0.006196, 0.005470, 0.004805, 0.004200, 0.003653, 0.003161, 0.002722, 0.002333, 0.001989, 0.001687, 0.001425, 0.001197, 0.001001, 0.000833, 0.000690, 0.000569, 0.000468, 0.000383, 0.000314, 0.000257, 0.000211, 0.000175, 0.000148, 0.000128, 0.000115, 0.000109
0.000135, 0.000143, 0.000159, 0.000183, 0.000217, 0.000262, 0.000318, 0.000389, 0.000475, 0.000579, 0.000705, 0.000854, 0.001031, 0.001239, 0.001482, 0.001764, 0.002089, 0.002462, 0.002888, 0.003370, 0.003914, 0.004522, 0.005200, 0.005949, 0.006772, 0.007671, 0.008646, 0.009697, 0.010821, 0.012016, 0.013277, 0.014596, 0.015967, 0.017380, 0.018824, 0.020287, 0.021755, 0.023212, 0.024644, 0.026034, 0.027366, 0.028623, 0.029789, 0.030848, 0.031785, 0.032588, 0.033245, 0.033746, 0.034085, 0.034255, 0.034255, 0.034085, 0.033746, 0.033245, 0.032588, 0.031785, 0.030848, 0.029789, 0.028623, 0.027366, 0.026035, 0.024644, 0.023212, 0.021755, 0.020287, 0.018825, 0.017381, 0.015967, 0.014596, 0.013277, 0.012016, 0.010821, 0.009697, 0.008646, 0.007671, 0.006772, 0.005949, 0.005200, 0.004522, 0.003914, 0.003370, 0.002888, 0.002462, 0.002089, 0.001764, 0.001482, 0.001239, 0.001031, 0.000854, 0.000705, 0.000579, 0.000475, 0.000389, 0.000318, 0.000262, 0.000217, 0.000183, 0.000159, 0.000143, 0.000135
0.000166, 0.000176, 0.000195, 0.000226, 0.000267, 0.000322, 0.000392, 0.000479, 0.000585, 0.000714, 0.000868, 0.001052, 0.001270, 0.001527, 0.001826, 0.002173, 0.002574, 0.003034, 0.003558, 0.004152, 0.004822, 0.005572, 0.006406, 0.007329, 0.008343, 0.009451, 0.010653, 0.011947, 0.013332, 0.014804, 0.016357, 0.017983, 0.019672, 0.021413, 0.023192, 0.024994, 0.026802, 0.028598, 0.030362, 0.032075, 0.033716, 0.035265, 0.036701, 0.038005, 0.039160, 0.040149, 0.040959, 0.041576, 0.041993, 0.042204, 0.042204, 0.041993, 0.041576, 0.040959, 0.040149, 0.039160, 0.038005, 0.036701, 0.035265, 0.033716, 0.032075, 0.030362, 0.028598, 0.026802, 0.024994, 0.023192, 0.021413, 0.019672, 0.017983, 0.016357, 0.014805, 0.013332, 0.011947, 0.010653, 0.009451, 0.008344, 0.007329, 0.006406, 0.005572, 0.004822, 0.004152, 0.003558, 0.003034, 0.002574, 0.002173, 0.001826, 0.001527, 0.001270, 0.001052, 0.000868, 0.000714, 0.000585, 0.000479, 0.000392, 0.000322, 0.000267, 0.000226, 0.000195, 0.000176, 0.000166
0.000204, 0.000216, 0.000240, 0.000277, 0.000328, 0.000395, 0.000480, 0.000587, 0.000717, 0.000875, 0.001064, 0.001290, 0.001557, 0.001871, 0.002238, 0.002664, 0.003155, 0.003719, 0.004361, 0.005090, 0.005911, 0.006830, 0.007853, 0.008984, 0.010228, 0.011585, 0.013058, 0.014645, 0.016343, 0.018147, 0.020051, 0.022044, 0.024114, 0.026248, 0.028429, 0.030638, 0.032854, 0.035055, 0.037218, 0.039318, 0.041329, 0.043227, 0.044987, 0.046586, 0.048002, 0.049215, 0.050207, 0.050964, 0.051475, 0.051733, 0.051733, 0.051475, 0.050964, 0.050207, 0.049215, 0.048002, 0.046586, 0.044987, 0.043227, 0.041329, 0.039318, 0.037218, 0.035055, 0.032854, 0.030638, 0.028429, 0.026248, 0.024114, 0.022044, 0.020051, 0.018147, 0.016343, 0.014645, 0.013058, 0.011585, 0.010228, 0.008984, 0.007853, 0.006830, 0.005911, 0.005090, 0.004361, 0.003719, 0.003155, 0.002664, 0.002238, 0.001871, 0.001557, 0.001290, 0.001064, 0.000875, 0.000717, 0.000587, 0.000481, 0.000395, 0.000328, 0.000277, 0.000240, 0.000216, 0.000204
0.000249, 0.000263, 0.000292, 0.000337, 0.000400, 0.000482, 0.000586, 0.000716, 0.000874, 0.001067, 0.001298, 0.001573, 0.001899, 0.002282, 0.002729, 0.003248, 0.003847, 0.004535, 0.005318, 0.006207, 0.007208, 0.008328, 0.009576, 0.010956, 0.012472, 0.014127, 0.015923, 0.017858, 0.019929, 0.022129, 0.024450, 0.026881, 0.029406, 0.032008, 0.034667, 0.037361, 0.040063, 0.042747, 0.045385, 0.047945, 0.050397, 0.052712, 0.054859, 0.056808, 0.058535, 0.060013, 0.061223, 0.062147, 0.062770, 0.063084, 0.063084, 0.062770, 0.062147, 0.061223, 0.060014, 0.058535, 0.056809, 0.054859, 0.052712, 0.050398, 0.047945, 0.045385, 0.042747, 0.040063, 0.037361, 0.034667, 0.032008, 0.029406, 0.026881, 0.024451, 0.022129, 0.019929, 0.017858, 0.015923, 0.014128, 0.012472, 0.010956, 0.009576, 0.008329, 0.007208, 0.006207, 0.005318, 0.004535, 0.003847, 0.003248, 0.002729, 0.002282, 0.001899, 0.001573, 0.001298, 0.001067, 0.000874, 0.000716, 0.000586, 0.000482, 0.000400, 0.000337, 0.000292, 0.000263, 0.000249
0.000302, 0.000319, 0.000354, 0.000409, 0.000485, 0.000584, 0.000711, 0.000868, 0.001061, 0.001294, 0.001574, 0.001908, 0.002304, 0.002768, 0.003310, 0.003940, 0.004667, 0.005501, 0.006451, 0.007529, 0.008743, 0.010103, 0.011616, 0.013289, 0.015128, 0.017137, 0.019315, 0.021662, 0.024174, 0.026843, 0.029658, 0.032606, 0.035669, 0.038825, 0.042051, 0.045318, 0.048596, 0.051852, 0.055051, 0.058157, 0.061132, 0.063939, 0.066543, 0.068908, 0.071002, 0.072796, 0.074263, 0.075383, 0.076139, 0.076520, 0.076520, 0.076139, 0.075383, 0.074263, 0.072796, 0.071002, 0.068908, 0.066543, 0.063940, 0.061132, 0.058157, 0.055051, 0.051852, 0.048596, 0.045318, 0.042051, 0.038826, 0.035669, 0.032606, 0.029659, 0.026843, 0.024174, 0.021662, 0.019315, 0.017137, 0.015129, 0.013289, 0.011616, 0.010103, 0.008743, 0.007529, 0.006451, 0.005501, 0.004667, 0.003940, 0.003310, 0.002768, 0.002304, 0.001908, 0.001575, 0.001294, 0.001061, 0.000868, 0.000711, 0.000584, 0.000485, 0.000409, 0.000354, 0.000319, 0.000302
0.000364, 0.000385, 0.000428, 0.000494, 0.000585, 0.000705, 0.000858, 0.001047, 0.001280, 0.001562, 0.001900, 0.002303, 0.002779, 0.003340, 0.003994, 0.004754, 0.005631, 0.006637, 0.007784, 0.009084, 0.010549, 0.012189, 0.014015, 0.016034, 0.018253, 0.020676, 0.023305, 0.026137, 0.029167, 0.032387, 0.035784, 0.039341, 0.043037, 0.046845, 0.050737, 0.054679, 0.058634, 0.062562, 0.066422, 0.070169, 0.073759, 0.077146, 0.080287, 0.083141, 0.085668, 0.087832, 0.089602, 0.090953, 0.091866, 0.092325, 0.092325, 0.091866, 0.090954, 0.089602, 0.087832, 0.085668, 0.083141, 0.080288, 0.077146, 0.073759, 0.070169, 0.066422, 0.062563, 0.058634, 0.054679, 0.050737, 0.046845, 0.043037, 0.039341, 0.035785, 0.032388, 0.029167, 0.026137, 0.023305, 0.020677, 0.018253, 0.016034, 0.014015, 0.012189, 0.010549, 0.009084, 0.007784, 0.006637, 0.005631, 0.004754, 0.003994, 0.003340, 0.002779, 0.002303, 0.001900, 0.001562, 0.001280, 0.001047, 0.000858, 0.000705, 0.000585, 0.000494, 0.000428, 0.000385, 0.000364
0.000437, 0.000462, 0.000513, 0.000592, 0.000702, 0.000846, 0.001029, 0.001257, 0.001536, 0.001874, 0.002280, 0.002764, 0.003336, 0.004008, 0.004794, 0.005705, 0.006758, 0.007965, 0.009342, 0.010902, 0.012660, 0.014629, 0.016820, 0.019243, 0.021906, 0.024814, 0.027968, 0.031367, 0.035004, 0.038869, 0.042945, 0.047214, 0.051649, 0.056219, 0.060890, 0.065620, 0.070367, 0.075082, 0.079714, 0.084210, 0.088518, 0.092583, 0.096353, 0.099778, 0.102810, 0.105407, 0.107532, 0.109154, 0.110248, 0.110800, 0.110800, 0.110248, 0.109154, 0.107532, 0.105407, 0.102810, 0.099778, 0.096354, 0.092584, 0.088518, 0.084211, 0.079714, 0.075082, 0.070367, 0.065621, 0.060890, 0.056219, 0.051649, 0.047214, 0.042946, 0.038869, 0.035004, 0.031367, 0.027969, 0.024814, 0.021906, 0.019243, 0.016820, 0.014629, 0.012660, 0.010902, 0.009342, 0.007965, 0.006758, 0.005706, 0.004794, 0.004008, 0.003336, 0.002764, 0.002280, 0.001874, 0.001536, 0.001257, 0.001029, 0.000846, 0.000702, 0.000592, 0.000513, 0.000462, 0.000437
0.000522, 0.000552, 0.000613, 0.000707, 0.000838, 0.001010, 0.001229, 0.001500, 0.001834, 0.002237, 0.002722, 0.003299, 0.003982, 0.004785, 0.005722, 0.006811, 0.008067, 0.009508, 0.011151, 0.013014, 0.015112, 0.017462, 0.020078, 0.022970, 0.026149, 0.029620, 0.033386, 0.037443, 0.041784, 0.046397, 0.051263, 0.056359, 0.061652, 0.067108, 0.072683, 0.078330, 0.083996, 0.089624, 0.095153, 0.100520, 0.105662, 0.110515, 0.115015, 0.119103, 0.122722, 0.125822, 0.128358, 0.130294, 0.131601, 0.132259, 0.132259, 0.131601, 0.130294, 0.128359, 0.125822, 0.122722, 0.119103, 0.115015, 0.110515, 0.105663, 0.100520, 0.095153, 0.089624, 0.083996, 0.078330, 0.072683, 0.067108, 0.061653, 0.056359, 0.051264, 0.046397, 0.041784, 0.037443, 0.033386, 0.029621, 0.026149, 0.022971, 0.020078, 0.017462, 0.015112, 0.013014, 0.011151, 0.009508, 0.008067, 0.006811, 0.005722, 0.004785, 0.003982, 0.003299, 0.002722, 0.002237, 0.001834, 0.001500, 0.001229, 0.001010, 0.000838, 0.000707, 0.000613, 0.000552, 0.000522
