0.000068, 0.000073, 0.000083, 0.000099, 0.000122, 0.000152, 0.000191, 0.000240, 0.000302, 0.000378, 0.000472, 0.000586, 0.000725, 0.000891, 0.001089, 0.001323, 0.001600, 0.001924, 0.002300, 0.002734, 0.003233, 0.003801, 0.004444, 0.005168, 0.005975, 0.006870, 0.007856, 0.008933, 0.010101, 0.011358, 0.012701, 0.014123, 0.015617, 0.017173, 0.018779, 0.020421, 0.022082, 0.023746, 0.025393, 0.027003, 0.028555, 0.030028, 0.031401, 0.032653, 0.033767, 0.034724, 0.035509, 0.036109, 0.036515, 0.036720, 0.036720, 0.036515, 0.036109, 0.035509, 0.034724, 0.033767, 0.032653, 0.031401, 0.030028, 0.028555, 0.027003, 0.025393, 0.023746, 0.022082, 0.020421, 0.018779, 0.017173, 0.015617, 0.014123, 0.012701, 0.011358, 0.010101, 0.008933, 0.007856, 0.006870, 0.005975, 0.005168, 0.004444, 0.003801, 0.003233, 0.002734, 0.002300, 0.001924, 0.001600, 0.001323, 0.001089, 0.000891, 0.000725, 0.000586, 0.000472, 0.000378, 0.000302, 0.000240, 0.000191, 0.000152, 0.000122, 0.000099, 0.000083, 0.000073, 0.000068
0.000084, 0.000091, 0.000103, 0.000123, 0.000152, 0.000189, 0.000238, 0.000299, 0.000376, 0.000471, 0.000588, 0.000730, 0.000903, 0.001109, 0.001356, 0.001648, 0.001993, 0.002396, 0.002864, 0.003405, 0.004026, 0.004734, 0.005535, 0.006436, 0.007442, 0.008557, 0.009784, 0.011126, 0.012580, 0.014146, 0.015818, 0.017590, 0.019451, 0.021389, 0.023389, 0.025434, 0.027503, 0.029575, 0.031626, 0.033631, 0.035564, 0.037399, 0.039109, 0.040669, 0.042056, 0.043248, 0.044225, 0.044973, 0.045478, 0.045733, 0.045733, 0.045479, 0.044973, 0.044225, 0.043248, 0.042056, 0.040669, 0.039109, 0.037399, 0.035564, 0.033632, 0.031627, 0.029575, 0.027503, 0.025434, 0.023389, 0.021389, 0.019451, 0.017590, 0.015819, 0.014146, 0.012581, 0.011126, 0.009784, 0.008557, 0.007442, 0.006436, 0.005535, 0.004734, 0.004026, 0.003406, 0.002864, 0.002396, 0.001993, 0.001648, 0.001356, 0.001109, 0.000903, 0.000730, 0.000588, 0.000471, 0.000376, 0.000299, 0.000238, 0.000189, 0.000152, 0.000123, 0.000103, 0.000091, 0.000084
0.000104, 0.000112, 0.000128, 0.000153, 0.000188, 0.000234, 0.000294, 0.000370, 0.000466, 0.000584, 0.000728, 0.000904, 0.001118, 0.001374, 0.001679, 0.002041, 0.002467, 0.002967, 0.003547, 0.004217, 0.004986, 0.005862, 0.006854, 0.007969, 0.009215, 0.010595, 0.012115, 0.013776, 0.015577, 0.017516, 0.019587, 0.021780, 0.024084, 0.026484, 0.028961, 0.031492, 0.034055, 0.036621, 0.039160, 0.041643, 0.044036, 0.046308, 0.048425, 0.050357, 0.052074, 0.053550, 0.054760, 0.055686, 0.056312, 0.056628, 0.056628, 0.056312, 0.055686, 0.054760, 0.053550, 0.052074, 0.050357, 0.048425, 0.046308, 0.044037, 0.041643, 0.039161, 0.036621, 0.034055, 0.031493, 0.028961, 0.026484, 0.024084, 0.021780, 0.019587, 0.017516, 0.015578, 0.013776, 0.012115, 0.010596, 0.009215, 0.007969, 0.006854, 0.005862, 0.004986, 0.004217, 0.003547, 0.002967, 0.002468, 0.002041, 0.001679, 0.001374, 0.001118, 0.000904, 0.000728, 0.000584, 0.000466, 0.000370, 0.000294, 0.000234, 0.000188, 0.000153, 0.000128, 0.000112, 0.000104
0.000129, 0.000138, 0.000158, 0.000188, 0.000231, 0.000288, 0.000362, 0.000456, 0.000573, 0.000718, 0.000896, 0.001113, 0.001376, 0.001691, 0.002067, 0.002513, 0.003037, 0.003652, 0.004366, 0.005191, 0.006137, 0.007216, 0.008437, 0.009810, 0.011343, 0.013043, 0.014914, 0.016958, 0.019176, 0.021562, 0.024111, 0.026811, 0.029647, 0.032601, 0.035650, 0.038766, 0.041921, 0.045079, 0.048206, 0.051262, 0.054208, 0.057004, 0.059610, 0.061988, 0.064102, 0.065918, 0.067409, 0.068548, 0.069319, 0.069707, 0.069707, 0.069319, 0.068548, 0.067409, 0.065919, 0.064102, 0.061988, 0.059610, 0.057004, 0.054208, 0.051262, 0.048206, 0.045079, 0.041921, 0.038767, 0.035650, 0.032601, 0.029648, 0.026811, 0.024111, 0.021562, 0.019176, 0.016958, 0.014914, 0.013043, 0.011343, 0.009810, 0.008437, 0.007216, 0.006137, 0.005191, 0.004366, 0.003652, 0.003038, 0.002513, 0.002067, 0.001691, 0.001376, 0.001113, 0.000896, 0.000718, 0.000573, 0.000456, 0.000362, 0.000288, 0.000231, 0.000188, 0.000158, 0.000138, 0.000129
0.000157, 0.000169, 0.000193, 0.000230, 0.000283, 0.000353, 0.000443, 0.000558, 0.000701, 0.000879, 0.001097, 0.001363, 0.001684, 0.002069, 0.002529, 0.003075, 0.003717, 0.004469, 0.005343, 0.006352, 0.007511, 0.008831, 0.010325, 0.012005, 0.013882, 0.015961, 0.018251, 0.020753, 0.023466, 0.026387, 0.029506, 0.032810, 0.036281, 0.039896, 0.043627, 0.047441, 0.051301, 0.055166, 0.058992, 0.062732, 0.066337, 0.069759, 0.072948, 0.075858, 0.078445, 0.080668, 0.082492, 0.083886, 0.084829, 0.085305, 0.085305, 0.084829, 0.083887, 0.082492, 0.080668, 0.078445, 0.075859, 0.072948, 0.069759, 0.066337, 0.062732, 0.058992, 0.055166, 0.051301, 0.047441, 0.043627, 0.039896, 0.036282, 0.032811, 0.029506, 0.026387, 0.023467, 0.020753, 0.018251, 0.015962, 0.013882, 0.012006, 0.010325, 0.008831, 0.007511, 0.006353, 0.005343, 0.004469, 0.003717, 0.003075, 0.002529, 0.002069, 0.001684, 0.001363, 0.001097, 0.000879, 0.000701, 0.000558, 0.000443, 0.000353, 0.000283, 0.000230, 0.000193, 0.000169, 0.000157
0.000191, 0.000206, 0.000235, 0.000280, 0.000344, 0.000429, 0.000539, 0.000679, 0.000853, 0.001069, 0.001335, 0.001658, 0.002048, 0.002517, 0.003077, 0.003741, 0.004522, 0.005437, 0.006500, 0.007728, 0.009137, 0.010743, 0.012562, 0.014606, 0.016888, 0.019419, 0.022204, 0.025248, 0.028549, 0.032102, 0.035897, 0.039916, 0.044139, 0.048537, 0.053076, 0.057715, 0.062411, 0.067114, 0.071768, 0.076318, 0.080704, 0.084867, 0.088747, 0.092288, 0.095434, 0.098139, 0.100357, 0.102054, 0.103201, 0.103780, 0.103780, 0.103201, 0.102054, 0.100357, 0.098139, 0.095435, 0.092288, 0.088747, 0.084867, 0.080704, 0.076318, 0.071769, 0.067114, 0.062412, 0.057716, 0.053076, 0.048537, 0.044139, 0.039917, 0.035897, 0.032102, 0.028549, 0.025248, 0.022204, 0.019419, 0.016888, 0.014606, 0.012562, 0.010744, 0.009138, 0.007728, 0.006500, 0.005437, 0.004522, 0.003741, 0.003077, 0.002517, 0.002048, 0.001658, 0.001335, 0.001069, 0.000853, 0.000679, 0.000539, 0.000429, 0.000344, 0.000280, 0.000235, 0.000206, 0.000191
0.000232, 0.000249, 0.000284, 0.000339, 0.000416, 0.000519, 0.000652, 0.000821, 0.001032, 0.001293, 0.001614, 0.002005, 0.002477, 0.003045, 0.003722, 0.004524, 0.005470, 0.006576, 0.007862, 0.009347, 0.011051, 0.012994, 0.015193, 0.017665, 0.020425, 0.023486, 0.026854, 0.030535, 0.034528, 0.038825, 0.043415, 0.048276, 0.053383, 0.058702, 0.064191, 0.069803, 0.075482, 0.081169, 0.086799, 0.092301, 0.097606, 0.102640, 0.107333, 0.111615, 0.115421, 0.118692, 0.121375, 0.123427, 0.124814, 0.125514, 0.125514, 0.124814, 0.123427, 0.121375, 0.118692, 0.115421, 0.111615, 0.107333, 0.102641, 0.097606, 0.092302, 0.086799, 0.081170, 0.075483, 0.069803, 0.064192, 0.058702, 0.053384, 0.048277, 0.043415, 0.038826, 0.034528, 0.030536, 0.026855, 0.023486, 0.020425, 0.017665, 0.015193, 0.012994, 0.011051, 0.009347, 0.007862, 0.006576, 0.005470, 0.004524, 0.003722, 0.003045, 0.002477, 0.002005, 0.001614, 0.001293, 0.001032, 0.000821, 0.000652, 0.000519, 0.000416, 0.000339, 0.000284, 0.000249, 0.000232
0.000278, 0.000299, 0.000341, 0.000408, 0.000500, 0.000624, 0.000784, 0.000987, 0.001241, 0.001555, 0.001941, 0.002411, 0.002979, 0.003661, 0.004475, 0.005440, 0.006576, 0.007906, 0.009452, 0.011238, 0.013287, 0.015623, 0.018267, 0.021239, 0.024558, 0.028237, 0.032288, 0.036714, 0.041514, 0.046681, 0.052199, 0.058044, 0.064184, 0.070579, 0.077179, 0.083926, 0.090754, 0.097592, 0.104360, 0.110976, 0.117354, 0.123407, 0.129049, 0.134197, 0.138773, 0.142705, 0.145931, 0.148399, 0.150066, 0.150908, 0.150908, 0.150067, 0.148399, 0.145931, 0.142705, 0.138773, 0.134197, 0.129049, 0.123407, 0.117354, 0.110976, 0.104360, 0.097592, 0.090754, 0.083926, 0.077179, 0.070579, 0.064184, 0.058044, 0.052199, 0.046681, 0.041514, 0.036714, 0.032288, 0.028238, 0.024558, 0.021239, 0.018267, 0.015623, 0.013287, 0.011238, 0.009453, 0.007906, 0.006576, 0.005440, 0.004475, 0.003661, 0.002979, 0.002411, 0.001941, 0.001555, 0.001241, 0.000987, 0.000784, 0.000624, 0.000500, 0.000408, 0.000341, 0.000299, 0.000278
0.000333, 0.000358, 0.000408, 0.000487, 0.000598, 0.000746, 0.000937, 0.001180, 0.001483, 0.001859, 0.002320, 0.002881, 0.003560, 0.004376, 0.005349, 0.006502, 0.007860, 0.009450, 0.011298, 0.013433, 0.015882, 0.018673, 0.021833, 0.025386, 0.029353, 0.033751, 0.038592, 0.043882, 0.049620, 0.055795, 0.062391, 0.069377, 0.076716, 0.084359, 0.092248, 0.100312, 0.108474, 0.116646, 0.124736, 0.132643, 0.140266, 0.147501, 0.154245, 0.160398, 0.165868, 0.170568, 0.174423, 0.177372, 0.179366, 0.180371, 0.180371, 0.179366, 0.177373, 0.174424, 0.170568, 0.165868, 0.160398, 0.154245, 0.147502, 0.140267, 0.132644, 0.124736, 0.116647, 0.108474, 0.100312, 0.092248, 0.084360, 0.076717, 0.069377, 0.062391, 0.055796, 0.049620, 0.043883, 0.038592, 0.033751, 0.029353, 0.025386, 0.021833, 0.018673, 0.015882, 0.013433, 0.011298, 0.009450, 0.007861, 0.006502, 0.005349, 0.004376, 0.003560, 0.002881, 0.002320, 0.001859, 0.001483, 0.001180, 0.000937, 0.000746, 0.000598, 0.000487, 0.000408, 0.000358, 0.000333
0.000396, 0.000425, 0.000485, 0.000579, 0.000711, 0.000886, 0.001114, 0.001402, 0.001762, 0.002209, 0.002757, 0.003424, 0.004231, 0.005199, 0.006355, 0.007726, 0.009340, 0.011229, 0.013425, 0.015961, 0.018871, 0.022188, 0.025943, 0.030164, 0.034878, 0.040104, 0.045856, 0.052142, 0.058959, 0.066297, 0.074134, 0.082435, 0.091155, 0.100237, 0.109610, 0.119192, 0.128890, 0.138600, 0.148213, 0.157608, 0.166666, 0.175262, 0.183275, 0.190587, 0.197085, 0.202670, 0.207252, 0.210756, 0.213124, 0.214319, 0.214319, 0.213125, 0.210756, 0.207252, 0.202670, 0.197086, 0.190587, 0.183276, 0.175263, 0.166667, 0.157609, 0.148213, 0.138601, 0.128890, 0.119193, 0.109611, 0.100238, 0.091156, 0.082435, 0.074134, 0.066298, 0.058960, 0.052142, 0.045856, 0.040104, 0.034878, 0.030165, 0.025943, 0.022188, 0.018871, 0.015961, 0.013425, 0.011229, 0.009340, 0.007726, 0.006356, 0.005199, 0.004231, 0.003424, 0.002757, 0.002209, 0.001762, 0.001402, 0.001114, 0.000886, 0.000711, 0.000579, 0.000485, 0.000425, 0.000396
0.000467, 0.000502, 0.000573, 0.000684, 0.000839, 0.001047, 0.001315, 0.001656, 0.002082, 0.002609, 0.003256, 0.004044, 0.004997, 0.006142, 0.007507, 0.009126, 0.011033, 0.013264, 0.015858, 0.018854, 0.022291, 0.026209, 0.030644, 0.035631, 0.041199, 0.047371, 0.054166, 0.061591, 0.069644, 0.078312, 0.087568, 0.097373, 0.107674, 0.118402, 0.129473, 0.140791, 0.152247, 0.163717, 0.175071, 0.186169, 0.196868, 0.207022, 0.216487, 0.225123, 0.232800, 0.239396, 0.244808, 0.248947, 0.251745, 0.253156, 0.253156, 0.251745, 0.248947, 0.244808, 0.239397, 0.232800, 0.225124, 0.216488, 0.207023, 0.196869, 0.186170, 0.175071, 0.163718, 0.152247, 0.140792, 0.129474, 0.118402, 0.107675, 0.097374, 0.087568, 0.078312, 0.069644, 0.061591, 0.054166, 0.047372, 0.041199, 0.035631, 0.030645, 0.026209, 0.022292, 0.018854, 0.015858, 0.013264, 0.011033, 0.009126, 0.007507, 0.006142, 0.004997, 0.004044, 0.003256, 0.002609, 0.002082, 0.001656, 0.001315, 0.001047, 0.000839, 0.000684, 0.000573, 0.000502, 0.000467
0.000549, 0.000589, 0.000673, 0.000803, 0.000986, 0.001229, 0.001545, 0.001944, 0.002445, 0.003064, 0.003824, 0.004749, 0.005868, 0.007212, 0.008816, 0.010717, 0.012955, 0.015575, 0.018621, 0.022139, 0.026176, 0.030777, 0.035985, 0.041840, 0.048378, 0.055626, 0.063605, 0.072324, 0.081780, 0.091958, 0.102827, 0.114341, 0.126437, 0.139034, 0.152035, 0.165325, 0.178776, 0.192245, 0.205577, 0.218610, 0.231173, 0.243096, 0.254210, 0.264351, 0.273365, 0.281111, 0.287465, 0.292325, 0.295611, 0.297268, 0.297268, 0.295611, 0.292326, 0.287466, 0.281112, 0.273366, 0.264352, 0.254211, 0.243097, 0.231174, 0.218610, 0.205578, 0.192246, 0.178777, 0.165326, 0.152035, 0.139035, 0.126438, 0.114342, 0.102828, 0.091959, 0.081781, 0.072324, 0.063606, 0.055627, 0.048378, 0.041840, 0.035985, 0.030777, 0.026176, 0.022140, 0.018622, 0.015576, 0.012956, 0.010717, 0.008816, 0.007212, 0.005868, 0.004749, 0.003824, 0.003064, 0.002445, 0.001944, 0.001545, 0.001229, 0.000986, 0.000803, 0.000673, 0.000589, 0.000549
0.000640, 0.000688, 0.000785, 0.000937, 0.001151, 0.001435, 0.001803, 0.002270, 0.002854, 0.003577, 0.004464, 0.005544, 0.006850, 0.008419, 0.010291, 0.012510, 0.015124, 0.018182, 0.021738, 0.025844, 0.030556, 0.035927, 0.042006, 0.048842, 0.056474, 0.064935, 0.074249, 0.084426, 0.095465, 0.107346, 0.120034, 0.133475, 0.147594, 0.162299, 0.177475, 0.192989, 0.208691, 0.224414, 0.239976, 0.255189, 0.269855, 0.283773, 0.296747, 0.308584, 0.319106, 0.328148, 0.335566, 0.341240, 0.345075, 0.347009, 0.347009, 0.345075, 0.341240, 0.335567, 0.328149, 0.319107, 0.308585, 0.296748, 0.283774, 0.269856, 0.255190, 0.239977, 0.224414, 0.208692, 0.192990, 0.177476, 0.162300, 0.147595, 0.133475, 0.120035, 0.107347, 0.095465, 0.084427, 0.074249, 0.064935, 0.056474, 0.048842, 0.042007, 0.035927, 0.030557, 0.025845, 0.021738, 0.018182, 0.015124, 0.012510, 0.010291, 0.008419, 0.006850, 0.005544, 0.004464, 0.003577, 0.002854, 0.002270, 0.001803, 0.001435, 0.001151, 0.000937, 0.000785, 0.000688, 0.000640
0.000743, 0.000798, 0.000911, 0.001088, 0.001335, 0.001665, 0.002092, 0.002634, 0.003312, 0.004151, 0.005180, 0.006434, 0.007949, 0.009770, 0.011942, 0.014517, 0.017550, 0.021099, 0.025226, 0.029991, 0.035459, 0.041691, 0.048746, 0.056678, 0.065535, 0.075354, 0.086162, 0.097972, 0.110782, 0.124569, 0.139293, 0.154890, 0.171275, 0.188339, 0.205950, 0.223953, 0.242174, 0.260419, 0.278479, 0.296132, 0.313150, 0.329302, 0.344357, 0.358094, 0.370304, 0.380797, 0.389405, 0.395988, 0.400439, 0.402683, 0.402683, 0.400439, 0.395989, 0.389405, 0.380797, 0.370305, 0.358095, 0.344358, 0.329303, 0.313151, 0.296133, 0.278480, 0.260420, 0.242175, 0.223954, 0.205951, 0.188340, 0.171276, 0.154891, 0.139294, 0.124570, 0.110783, 0.097973, 0.086163, 0.075354, 0.065535, 0.056679, 0.048747, 0.041692, 0.035460, 0.029992, 0.025226, 0.021100, 0.017550, 0.014518, 0.011942, 0.009770, 0.007950, 0.006434, 0.005180, 0.004151, 0.003312, 0.002634, 0.002092, 0.001665, 0.001335, 0.001088, 0.000911, 0.000798, 0.000743
0.000857, 0.000921, 0.001051, 0.001255, 0.001540, 0.001921, 0.002414, 0.003039, 0.003821, 0.004788, 0.005976, 0.007422, 0.009171, 0.011271, 0.013777, 0.016747, 0.020246, 0.024340, 0.029100, 0.034598, 0.040906, 0.048095, 0.056234, 0.065385, 0.075601, 0.086928, 0.099397, 0.113021, 0.127798, 0.143703, 0.160688, 0.178681, 0.197582, 0.217267, 0.237582, 0.258351, 0.279370, 0.300417, 0.321251, 0.341616, 0.361248, 0.379880, 0.397247, 0.413094, 0.427180, 0.439284, 0.449214, 0.456809, 0.461943, 0.464532, 0.464532, 0.461943, 0.456809, 0.449214, 0.439285, 0.427180, 0.413095, 0.397248, 0.379881, 0.361249, 0.341617, 0.321252, 0.300419, 0.279371, 0.258352, 0.237583, 0.217268, 0.197583, 0.178682, 0.160689, 0.143704, 0.127799, 0.113022, 0.099397, 0.086929, 0.075602, 0.065385, 0.056235, 0.048096, 0.040907, 0.034599, 0.029101, 0.024341, 0.020246, 0.016748, 0.013777, 0.011271, 0.009171, 0.007422, 0.005976, 0.004788, 0.003821, 0.003039, 0.002414, 0.001921, 0.001540, 0.001255, 0.001051, 0.000921, 0.000857
0.000983, 0.001056, 0.001206, 0.001439, 0.001767, 0.002203, 0.002768, 0.003485, 0.004381, 0.005491, 0.006853, 0.008512, 0.010517, 0.012925, 0.015799, 0.019206, 0.023218, 0.027914, 0.033372, 0.039677, 0.046911, 0.055156, 0.064489, 0.074982, 0.086699, 0.099688, 0.113987, 0.129611, 0.146557, 0.164796, 0.184274, 0.204908, 0.226584, 0.249157, 0.272454, 0.296272, 0.320376, 0.344513, 0.368404, 0.391758, 0.414272, 0.435638, 0.455555, 0.473727, 0.489880, 0.503761, 0.515148, 0.523858, 0.529746, 0.532714, 0.532715, 0.529746, 0.523858, 0.515149, 0.503762, 0.489881, 0.473728, 0.455556, 0.435639, 0.414273, 0.391759, 0.368406, 0.344514, 0.320378, 0.296273, 0.272456, 0.249159, 0.226585, 0.204909, 0.184276, 0.164797, 0.146558, 0.129612, 0.113988, 0.099689, 0.086699, 0.074983, 0.064489, 0.055156, 0.046911, 0.039677, 0.033373, 0.027914, 0.023219, 0.019206, 0.015799, 0.012926, 0.010517, 0.008512, 0.006853, 0.005491, 0.004382, 0.003485, 0.002768, 0.002203, 0.001767, 0.001439, 0.001206, 0.001056, 0.000983
0.001121, 0.001204, 0.001375, 0.001640, 0.002014, 0.002512, 0.003156, 0.003973, 0.004995, 0.006260, 0.007813, 0.009703, 0.011990, 0.014735, 0.018011, 0.021895, 0.026469, 0.031822, 0.038045, 0.045232, 0.053479, 0.062878, 0.073518, 0.085481, 0.098838, 0.113646, 0.129946, 0.147758, 0.167076, 0.187869, 0.210074, 0.233596, 0.258307, 0.284041, 0.310600, 0.337751, 0.365230, 0.392746, 0.419982, 0.446605, 0.472271, 0.496629, 0.519333, 0.540050, 0.558465, 0.574288, 0.587270, 0.597198, 0.603911, 0.607295, 0.607295, 0.603911, 0.597199, 0.587270, 0.574289, 0.558466, 0.540051, 0.519335, 0.496630, 0.472272, 0.446607, 0.419984, 0.392747, 0.365232, 0.337753, 0.310601, 0.284042, 0.258308, 0.233598, 0.210076, 0.187870, 0.167077, 0.147759, 0.129947, 0.113647, 0.098838, 0.085482, 0.073519, 0.062879, 0.053480, 0.045233, 0.038045, 0.031822, 0.026470, 0.021895, 0.018012, 0.014736, 0.011990, 0.009704, 0.007813, 0.006260, 0.004995, 0.003973, 0.003156, 0.002512, 0.002014, 0.001641, 0.001375, 0.001204, 0.001121
0.001271, 0.001365, 0.001558, 0.001859, 0.002282, 0.002847, 0.003577, 0.004503, 0.005661, 0.007095, 0.008854, 0.010997, 0.013588, 0.016699, 0.020412, 0.024813, 0.029997, 0.036063, 0.043116, 0.051261, 0.060607, 0.071258, 0.083316, 0.096873, 0.112010, 0.128792, 0.147264, 0.167449, 0.189342, 0.212906, 0.238070, 0.264727, 0.292730, 0.321894, 0.351992, 0.382761, 0.413902, 0.445085, 0.475950, 0.506121, 0.535206, 0.562810, 0.588541, 0.612018, 0.632886, 0.650819, 0.665530, 0.676782, 0.684388, 0.688223, 0.688223, 0.684389, 0.676782, 0.665531, 0.650820, 0.632887, 0.612019, 0.588542, 0.562812, 0.535208, 0.506123, 0.475952, 0.445086, 0.413904, 0.382763, 0.351994, 0.321895, 0.292732, 0.264728, 0.238072, 0.212907, 0.189343, 0.167451, 0.147265, 0.128793, 0.112011, 0.096874, 0.083317, 0.071259, 0.060607, 0.051261, 0.043116, 0.036064, 0.029998, 0.024814, 0.020412, 0.016700, 0.013588, 0.010997, 0.008854, 0.007095, 0.005661, 0.004503, 0.003577, 0.002847, 0.002282, 0.001859, 0.001558, 0.001365, 0.001271
0.001431, 0.001538, 0.001755, 0.002095, 0.002571, 0.003207, 0.004029, 0.005073, 0.006377, 0.007993, 0.009975, 0.012389, 0.015308, 0.018813, 0.022996, 0.027954, 0.033794, 0.040628, 0.048573, 0.057749, 0.068278, 0.080278, 0.093862, 0.109134, 0.126187, 0.145092, 0.165903, 0.188642, 0.213306, 0.239852, 0.268201, 0.298231, 0.329778, 0.362633, 0.396540, 0.431204, 0.466286, 0.501414, 0.536186, 0.570175, 0.602941, 0.634038, 0.663025, 0.689473, 0.712982, 0.733184, 0.749757, 0.762433, 0.771002, 0.775322, 0.775323, 0.771002, 0.762433, 0.749758, 0.733185, 0.712983, 0.689475, 0.663027, 0.634040, 0.602943, 0.570177, 0.536188, 0.501416, 0.466288, 0.431206, 0.396542, 0.362635, 0.329780, 0.298233, 0.268202, 0.239854, 0.213308, 0.188644, 0.165904, 0.145094, 0.126188, 0.109135, 0.093862, 0.080278, 0.068279, 0.057750, 0.048573, 0.040628, 0.033795, 0.027955, 0.022996, 0.018813, 0.015308, 0.012389, 0.009975, 0.007993, 0.006378, 0.005073, 0.004030, 0.003207, 0.002571, 0.002095, 0.001755, 0.001538, 0.001431
0.001603, 0.001722, 0.001966, 0.002346, 0.002880, 0.003592, 0.004513, 0.005681, 0.007142, 0.008951, 0.011171, 0.013874, 0.017143, 0.021069, 0.025753, 0.031306, 0.037846, 0.045500, 0.054397, 0.064674, 0.076465, 0.089903, 0.105116, 0.122220, 0.141317, 0.162489, 0.185794, 0.211260, 0.238881, 0.268609, 0.300357, 0.333988, 0.369317, 0.406110, 0.444083, 0.482902, 0.522190, 0.561529, 0.600470, 0.638534, 0.675228, 0.710053, 0.742515, 0.772134, 0.798461, 0.821085, 0.839645, 0.853840, 0.863436, 0.868275, 0.868275, 0.863437, 0.853840, 0.839646, 0.821086, 0.798462, 0.772136, 0.742517, 0.710055, 0.675230, 0.638536, 0.600472, 0.561532, 0.522192, 0.482904, 0.444085, 0.406113, 0.369319, 0.333990, 0.300359, 0.268611, 0.238882, 0.211262, 0.185796, 0.162490, 0.141318, 0.122221, 0.105117, 0.089904, 0.076465, 0.064674, 0.054398, 0.045500, 0.037847, 0.031307, 0.025754, 0.021069, 0.017143, 0.013875, 0.011171, 0.008951, 0.007142, 0.005681, 0.004513, 0.003592, 0.002880, 0.002346, 0.001966, 0.001722, 0.001603
0.001785, 0.001917, 0.002188, 0.002611, 0.003206, 0.003999, 0.005024, 0.006324, 0.007951, 0.009965, 0.012437, 0.015446, 0.019085, 0.023456, 0.028671, 0.034852, 0.042133, 0.050654, 0.060559, 0.071999, 0.085126, 0.100086, 0.117022, 0.136063, 0.157323, 0.180893, 0.206838, 0.235189, 0.265937, 0.299033, 0.334376, 0.371816, 0.411147, 0.452107, 0.494380, 0.537595, 0.581333, 0.625128, 0.668478, 0.710853, 0.751703, 0.790472, 0.826610, 0.859584, 0.888892, 0.914079, 0.934741, 0.950543, 0.961226, 0.966613, 0.966613, 0.961227, 0.950544, 0.934742, 0.914080, 0.888894, 0.859586, 0.826612, 0.790475, 0.751706, 0.710856, 0.668481, 0.625131, 0.581336, 0.537598, 0.494383, 0.452110, 0.411149, 0.371818, 0.334378, 0.299035, 0.265939, 0.235190, 0.206840, 0.180895, 0.157325, 0.136065, 0.117023, 0.100087, 0.085127, 0.072000, 0.060560, 0.050654, 0.042134, 0.034853, 0.028671, 0.023456, 0.019085, 0.015446, 0.012437, 0.009965, 0.007951, 0.006324, 0.005024, 0.003999, 0.003206, 0.002612, 0.002188, 0.001917, 0.001785
0.001975, 0.002122, 0.002422, 0.002890, 0.003548, 0.004425, 0.005560, 0.006999, 0.008800, 0.011028, 0.013763, 0.017094, 0.021121, 0.025958, 0.031729, 0.038571, 0.046628, 0.056057, 0.067019, 0.079680, 0.094207, 0.110763, 0.129505, 0.150578, 0.174105, 0.200189, 0.228902, 0.260276, 0.294304, 0.330930, 0.370043, 0.411477, 0.455002, 0.500331, 0.547113, 0.594938, 0.643340, 0.691806, 0.739780, 0.786674, 0.831882, 0.874786, 0.914778, 0.951268, 0.983703, 1.011575, 1.034441, 1.051929, 1.063752, 1.069713, 1.069713, 1.063752, 1.051930, 1.034442, 1.011577, 0.983705, 0.951270, 0.914780, 0.874788, 0.831884, 0.786677, 0.739783, 0.691809, 0.643343, 0.594940, 0.547116, 0.500334, 0.455005, 0.411479, 0.370046, 0.330932, 0.294306, 0.260278, 0.228903, 0.200191, 0.174107, 0.150579, 0.129507, 0.110764, 0.094208, 0.079681, 0.067020, 0.056058, 0.046629, 0.038571, 0.031730, 0.025958, 0.021122, 0.017094, 0.013764, 0.011029, 0.008800, 0.006999, 0.005560, 0.004425, 0.003548, 0.002890, 0.002422, 0.002122, 0.001975
0.002173, 0.002334, 0.002664, 0.003180, 0.003903, 0.004868, 0.006117, 0.007700, 0.009681, 0.012133, 0.015142, 0.018806, 0.023236, 0.028557, 0.034906, 0.042432, 0.051297, 0.061670, 0.073729, 0.087657, 0.103638, 0.121852, 0.142471, 0.165652, 0.191535, 0.220230, 0.251817, 0.286332, 0.323766, 0.364059, 0.407087, 0.452668, 0.500550, 0.550417, 0.601881, 0.654493, 0.707741, 0.761058, 0.813834, 0.865422, 0.915154, 0.962353, 1.006348, 1.046491, 1.082172, 1.112835, 1.137989, 1.157227, 1.170233, 1.176791, 1.176792, 1.170234, 1.157228, 1.137990, 1.112836, 1.082174, 1.046493, 1.006351, 0.962356, 0.915157, 0.865425, 0.813837, 0.761061, 0.707744, 0.654496, 0.601885, 0.550420, 0.500553, 0.452671, 0.407090, 0.364061, 0.323769, 0.286334, 0.251819, 0.220232, 0.191537, 0.165654, 0.142472, 0.121853, 0.103639, 0.087658, 0.073730, 0.061670, 0.051297, 0.042433, 0.034906, 0.028557, 0.023236, 0.018806, 0.015142, 0.012133, 0.009681, 0.007700, 0.006117, 0.004868, 0.003903, 0.003180, 0.002664, 0.002334, 0.002173
0.002376, 0.002553, 0.002914, 0.003477, 0.004269, 0.005324, 0.006689, 0.008421, 0.010587, 0.013268, 0.016559, 0.020566, 0.025411, 0.031230, 0.038173, 0.046404, 0.056098, 0.067441, 0.080629, 0.095861, 0.113338, 0.133256, 0.155804, 0.181155, 0.209460, 0.240841, 0.275383, 0.313128, 0.354066, 0.398128, 0.445183, 0.495029, 0.547392, 0.601925, 0.658205, 0.715740, 0.773970, 0.832276, 0.889991, 0.946406, 1.000792, 1.052407, 1.100518, 1.144418, 1.183438, 1.216969, 1.244477, 1.265515, 1.279738, 1.286911, 1.286911, 1.279739, 1.265516, 1.244479, 1.216971, 1.183440, 1.144421, 1.100522, 1.052410, 1.000795, 0.946410, 0.889994, 0.832280, 0.773974, 0.715744, 0.658209, 0.601928, 0.547396, 0.495032, 0.445186, 0.398131, 0.354068, 0.313130, 0.275385, 0.240843, 0.209462, 0.181157, 0.155806, 0.133257, 0.113339, 0.095862, 0.080630, 0.067442, 0.056098, 0.046404, 0.038174, 0.031230, 0.025411, 0.020566, 0.016559, 0.013269, 0.010587, 0.008421, 0.006689, 0.005324, 0.004269, 0.003477, 0.002914, 0.002553, 0.002376
0.002583, 0.002775, 0.003168, 0.003780, 0.004641, 0.005788, 0.007272, 0.009154, 0.011509, 0.014424, 0.018001, 0.022357, 0.027624, 0.033950, 0.041498, 0.050446, 0.060984, 0.073316, 0.087652, 0.104211, 0.123209, 0.144862, 0.169374, 0.196933, 0.227703, 0.261817, 0.299367, 0.340399, 0.384903, 0.432803, 0.483955, 0.538142, 0.595065, 0.654347, 0.715528, 0.778073, 0.841374, 0.904758, 0.967498, 1.028826, 1.087949, 1.144058, 1.196360, 1.244082, 1.286499, 1.322951, 1.352854, 1.375725, 1.391187, 1.398983, 1.398983, 1.391187, 1.375726, 1.352856, 1.322953, 1.286502, 1.244084, 1.196363, 1.144062, 1.087952, 1.028830, 0.967502, 0.904762, 0.841378, 0.778077, 0.715532, 0.654351, 0.595069, 0.538146, 0.483959, 0.432806, 0.384905, 0.340402, 0.299370, 0.261819, 0.227705, 0.196935, 0.169376, 0.144864, 0.123211, 0.104212, 0.087653, 0.073317, 0.060985, 0.050446, 0.041499, 0.033951, 0.027625, 0.022358, 0.018001, 0.014424, 0.011509, 0.009154, 0.007272, 0.005788, 0.004641, 0.003780, 0.003168, 0.002775, 0.002583
0.002792, 0.002999, 0.003423, 0.004085, 0.005015, 0.006255, 0.007859, 0.009893, 0.012438, 0.015588, 0.019453, 0.024160, 0.029852, 0.036689, 0.044845, 0.054514, 0.065902, 0.079229, 0.094721, 0.112615, 0.133146, 0.156545, 0.183033, 0.212814, 0.246065, 0.282930, 0.323509, 0.367849, 0.415941, 0.467704, 0.522981, 0.581537, 0.643050, 0.707111, 0.773226, 0.840814, 0.909219, 0.977713, 1.045512, 1.111785, 1.175673, 1.236308, 1.292826, 1.344395, 1.390233, 1.429623, 1.461938, 1.486653, 1.503361, 1.511786, 1.511786, 1.503362, 1.486654, 1.461940, 1.429626, 1.390236, 1.344398, 1.292829, 1.236311, 1.175678, 1.111789, 1.045516, 0.977718, 0.909223, 0.840818, 0.773230, 0.707115, 0.643054, 0.581541, 0.522985, 0.467707, 0.415944, 0.367852, 0.323511, 0.282933, 0.246068, 0.212816, 0.183035, 0.156547, 0.133147, 0.112616, 0.094722, 0.079229, 0.065903, 0.054515, 0.044846, 0.036689, 0.029853, 0.024161, 0.019453, 0.015588, 0.012438, 0.009893, 0.007859, 0.006255, 0.005015, 0.004085, 0.003423, 0.002999, 0.002792
0.002999, 0.003222, 0.003678, 0.004388, 0.005387, 0.006719, 0.008442, 0.010627, 0.013361, 0.016745, 0.020897, 0.025954, 0.032069, 0.039412, 0.048174, 0.058561, 0.070794, 0.085110, 0.101752, 0.120974, 0.143029, 0.168165, 0.196619, 0.228610, 0.264330, 0.303930, 0.347520, 0.395152, 0.446813, 0.502416, 0.561796, 0.624698, 0.690776, 0.759591, 0.830612, 0.903216, 0.976697, 1.050275, 1.123105, 1.194296, 1.262926, 1.328059, 1.388772, 1.444168, 1.493407, 1.535721, 1.570433, 1.596982, 1.614930, 1.623980, 1.623980, 1.614931, 1.596983, 1.570436, 1.535723, 1.493410, 1.444171, 1.388775, 1.328063, 1.262930, 1.194301, 1.123110, 1.050280, 0.976702, 0.903221, 0.830617, 0.759596, 0.690780, 0.624702, 0.561800, 0.502420, 0.446816, 0.395155, 0.347523, 0.303933, 0.264332, 0.228612, 0.196621, 0.168166, 0.143030, 0.120976, 0.101753, 0.085111, 0.070795, 0.058562, 0.048175, 0.039413, 0.032069, 0.025954, 0.020898, 0.016745, 0.013361, 0.010627, 0.008442, 0.006719, 0.005387, 0.004388, 0.003678, 0.003222, 0.002999
0.003203, 0.003440, 0.003927, 0.004686, 0.005753, 0.007175, 0.009015, 0.011348, 0.014267, 0.017881, 0.022315, 0.027715, 0.034244, 0.042086, 0.051443, 0.062534, 0.075598, 0.090884, 0.108656, 0.129182, 0.152732, 0.179573, 0.209958, 0.244119, 0.282261, 0.324548, 0.371095, 0.421958, 0.477123, 0.536498, 0.599906, 0.667074, 0.737634, 0.811117, 0.886955, 0.964484, 1.042949, 1.121517, 1.199287, 1.275307, 1.348591, 1.418142, 1.482972, 1.542126, 1.594705, 1.639888, 1.676955, 1.705304, 1.724470, 1.734133, 1.734134, 1.724471, 1.705305, 1.676957, 1.639890, 1.594708, 1.542130, 1.482976, 1.418147, 1.348596, 1.275311, 1.199292, 1.121522, 1.042954, 0.964489, 0.886960, 0.811122, 0.737639, 0.667078, 0.599910, 0.536502, 0.477126, 0.421961, 0.371098, 0.324551, 0.282264, 0.244121, 0.209960, 0.179575, 0.152734, 0.129183, 0.108657, 0.090885, 0.075598, 0.062535, 0.051443, 0.042087, 0.034245, 0.027716, 0.022316, 0.017881, 0.014268, 0.011348, 0.009015, 0.007175, 0.005753, 0.004686, 0.003927, 0.003440, 0.003203
0.003400, 0.003652, 0.004169, 0.004974, 0.006107, 0.007617, 0.009569, 0.012046, 0.015145, 0.018981, 0.023688, 0.029420, 0.036350, 0.044675, 0.054606, 0.066380, 0.080247, 0.096473, 0.115338, 0.137126, 0.162124, 0.190615, 0.222868, 0.259130, 0.299618, 0.344504, 0.393913, 0.447903, 0.506460, 0.569486, 0.636792, 0.708089, 0.782988, 0.860988, 0.941489, 1.023784, 1.107073, 1.190471, 1.273022, 1.353715, 1.431505, 1.505332, 1.574147, 1.636937, 1.692748, 1.740709, 1.780055, 1.810147, 1.830490, 1.840748, 1.840748, 1.830491, 1.810148, 1.780057, 1.740712, 1.692752, 1.636941, 1.574152, 1.505336, 1.431509, 1.353720, 1.273027, 1.190476, 1.107078, 1.023789, 0.941494, 0.860994, 0.782992, 0.708094, 0.636796, 0.569490, 0.506464, 0.447907, 0.393917, 0.344507, 0.299620, 0.259133, 0.222870, 0.190617, 0.162126, 0.137127, 0.115339, 0.096474, 0.080248, 0.066381, 0.054607, 0.044675, 0.036351, 0.029420, 0.023688, 0.018981, 0.015145, 0.012047, 0.009570, 0.007617, 0.006107, 0.004975, 0.004169, 0.003652, 0.003400
0.003587, 0.003853, 0.004399, 0.005249, 0.006444, 0.008037, 0.010098, 0.012711, 0.015981, 0.020028, 0.024995, 0.031043, 0.038357, 0.047140, 0.057620, 0.070043, 0.084675, 0.101797, 0.121702, 0.144692, 0.171070, 0.201133, 0.235166, 0.273428, 0.316149, 0.363513, 0.415647, 0.472616, 0.534403, 0.600906, 0.671925, 0.747156, 0.826186, 0.908489, 0.993430, 1.080265, 1.168148, 1.256147, 1.343252, 1.428397, 1.510477, 1.588377, 1.660988, 1.727242, 1.786132, 1.836738, 1.878254, 1.910005, 1.931471, 1.942294, 1.942295, 1.931472, 1.910007, 1.878256, 1.836741, 1.786135, 1.727246, 1.660992, 1.588381, 1.510482, 1.428402, 1.343257, 1.256153, 1.168154, 1.080271, 0.993436, 0.908495, 0.826191, 0.747161, 0.671929, 0.600910, 0.534407, 0.472620, 0.415651, 0.363516, 0.316152, 0.273431, 0.235168, 0.201135, 0.171072, 0.144694, 0.121703, 0.101798, 0.084676, 0.070044, 0.057621, 0.047141, 0.038357, 0.031044, 0.024995, 0.020029, 0.015981, 0.012711, 0.010098, 0.008037, 0.006444, 0.005249, 0.004399, 0.003854, 0.003587
0.003763, 0.004042, 0.004614, 0.005506, 0.006759, 0.008430, 0.010591, 0.013333, 0.016763, 0.021008, 0.026218, 0.032562, 0.040232, 0.049445, 0.060438, 0.073468, 0.088816, 0.106775, 0.127653, 0.151768, 0.179435, 0.210968, 0.246665, 0.286798, 0.331608, 0.381287, 0.435970, 0.495724, 0.560532, 0.630286, 0.704777, 0.783685, 0.866579, 0.952906, 1.041999, 1.133079, 1.225258, 1.317559, 1.408922, 1.498229, 1.584321, 1.666028, 1.742189, 1.811682, 1.873450, 1.926530, 1.970075, 2.003379, 2.025893, 2.037246, 2.037246, 2.025894, 2.003381, 1.970077, 1.926533, 1.873453, 1.811686, 1.742194, 1.666033, 1.584326, 1.498234, 1.408928, 1.317565, 1.225263, 1.133085, 1.042005, 0.952911, 0.866584, 0.783690, 0.704781, 0.630290, 0.560536, 0.495728, 0.435974, 0.381290, 0.331611, 0.286801, 0.246667, 0.210970, 0.179437, 0.151769, 0.127655, 0.106776, 0.088817, 0.073469, 0.060439, 0.049446, 0.040233, 0.032562, 0.026218, 0.021008, 0.016763, 0.013333, 0.010592, 0.008430, 0.006759, 0.005506, 0.004614, 0.004042, 0.003763
0.003923, 0.004215, 0.004811, 0.005741, 0.007047, 0.008790, 0.011043, 0.013902, 0.017478, 0.021904, 0.027336, 0.033951, 0.041949, 0.051555, 0.063016, 0.076603, 0.092604, 0.111329, 0.133099, 0.158241, 0.187089, 0.219967, 0.257185, 0.299030, 0.345751, 0.397549, 0.454564, 0.516866, 0.584437, 0.657166, 0.734833, 0.817107, 0.903535, 0.993543, 1.086435, 1.181398, 1.277509, 1.373745, 1.469003, 1.562117, 1.651881, 1.737072, 1.816480, 1.888935, 1.953336, 2.008680, 2.054082, 2.088806, 2.112281, 2.124117, 2.124118, 2.112282, 2.088808, 2.054085, 2.008683, 1.953340, 1.888939, 1.816484, 1.737077, 1.651886, 1.562123, 1.469009, 1.373751, 1.277514, 1.181404, 1.086441, 0.993549, 0.903540, 0.817112, 0.734838, 0.657170, 0.584441, 0.516870, 0.454568, 0.397552, 0.345754, 0.299033, 0.257188, 0.219969, 0.187091, 0.158243, 0.133100, 0.111331, 0.092605, 0.076603, 0.063017, 0.051555, 0.041949, 0.033951, 0.027337, 0.021905, 0.017478, 0.013902, 0.011044, 0.008790, 0.007048, 0.005741, 0.004811, 0.004215, 0.003923
0.004066, 0.004368, 0.004986, 0.005950, 0.007304, 0.009110, 0.011446, 0.014409, 0.018115, 0.022703, 0.028333, 0.035188, 0.043478, 0.053434, 0.065313, 0.079395, 0.095980, 0.115387, 0.137949, 0.164008, 0.193907, 0.227983, 0.266558, 0.309927, 0.358350, 0.412035, 0.471128, 0.535699, 0.605732, 0.681111, 0.761607, 0.846878, 0.936455, 1.029742, 1.126018, 1.224441, 1.324052, 1.423794, 1.522522, 1.619029, 1.712062, 1.800356, 1.882657, 1.957751, 2.024498, 2.081857, 2.128913, 2.164902, 2.189232, 2.201500, 2.201500, 2.189234, 2.164904, 2.128916, 2.081860, 2.024502, 1.957755, 1.882661, 1.800361, 1.712068, 1.619035, 1.522529, 1.423800, 1.324058, 1.224447, 1.126024, 1.029747, 0.936460, 0.846884, 0.761612, 0.681115, 0.605737, 0.535703, 0.471132, 0.412038, 0.358353, 0.309930, 0.266560, 0.227985, 0.193909, 0.164010, 0.137951, 0.115388, 0.095981, 0.079395, 0.065314, 0.053435, 0.043479, 0.035189, 0.028333, 0.022703, 0.018115, 0.014409, 0.011446, 0.009110, 0.007305, 0.005950, 0.004986, 0.004368, 0.004066
0.004190, 0.004501, 0.005137, 0.006130, 0.007526, 0.009386, 0.011793, 0.014845, 0.018663, 0.023390, 0.029190, 0.036254, 0.044794, 0.055052, 0.067290, 0.081798, 0.098885, 0.118879, 0.142125, 0.168972, 0.199776, 0.234883, 0.274625, 0.319307, 0.369195, 0.424504, 0.485385, 0.551910, 0.624062, 0.701721, 0.784653, 0.872503, 0.964790, 1.060899, 1.160089, 1.261488, 1.364113, 1.466873, 1.568588, 1.668013, 1.763861, 1.854827, 1.939616, 2.016982, 2.085748, 2.144842, 2.193322, 2.230399, 2.255466, 2.268106, 2.268106, 2.255467, 2.230401, 2.193324, 2.144846, 2.085752, 2.016986, 1.939621, 1.854832, 1.763867, 1.668019, 1.568594, 1.466879, 1.364120, 1.261495, 1.160095, 1.060905, 0.964796, 0.872509, 0.784658, 0.701726, 0.624067, 0.551914, 0.485389, 0.424508, 0.369198, 0.319310, 0.274627, 0.234885, 0.199778, 0.168974, 0.142126, 0.118881, 0.098886, 0.081799, 0.067291, 0.055052, 0.044795, 0.036254, 0.029191, 0.023390, 0.018664, 0.014845, 0.011793, 0.009386, 0.007526, 0.006130, 0.005137, 0.004501, 0.004190
0.004291, 0.004609, 0.005261, 0.006278, 0.007707, 0.009613, 0.012077, 0.015203, 0.019114, 0.023955, 0.029895, 0.037129, 0.045875, 0.056380, 0.068914, 0.083771, 0.101270, 0.121747, 0.145553, 0.173048, 0.204595, 0.240549, 0.281249, 0.327009, 0.378100, 0.434743, 0.497092, 0.565221, 0.639113, 0.718644, 0.803576, 0.893545, 0.988056, 1.086483, 1.188064, 1.291909, 1.397007, 1.502244, 1.606412, 1.708235, 1.806392, 1.899551, 1.986385, 2.065616, 2.136041, 2.196559, 2.246207, 2.284180, 2.309851, 2.322797, 2.322797, 2.309852, 2.284182, 2.246210, 2.196563, 2.136046, 2.065621, 1.986390, 1.899557, 1.806397, 1.708241, 1.606418, 1.502251, 1.397014, 1.291915, 1.188070, 1.086489, 0.988062, 0.893550, 0.803581, 0.718649, 0.639118, 0.565225, 0.497096, 0.434747, 0.378103, 0.327012, 0.281252, 0.240551, 0.204597, 0.173050, 0.145555, 0.121749, 0.101272, 0.083772, 0.068914, 0.056381, 0.045876, 0.037129, 0.029895, 0.023955, 0.019114, 0.015203, 0.012077, 0.009613, 0.007707, 0.006278, 0.005261, 0.004609, 0.004291
0.004368, 0.004692, 0.005356, 0.006392, 0.007846, 0.009786, 0.012295, 0.015477, 0.019458, 0.024386, 0.030434, 0.037798, 0.046702, 0.057396, 0.070155, 0.085281, 0.103095, 0.123941, 0.148175, 0.176166, 0.208280, 0.244882, 0.286315, 0.332899, 0.384910, 0.442573, 0.506044, 0.575400, 0.650623, 0.731586, 0.818046, 0.909634, 1.005848, 1.106046, 1.209456, 1.315170, 1.422161, 1.529293, 1.635336, 1.738991, 1.838917, 1.933753, 2.022150, 2.102806, 2.174500, 2.236107, 2.286649, 2.325305, 2.351442, 2.364621, 2.364621, 2.351443, 2.325307, 2.286651, 2.236110, 2.174504, 2.102811, 2.022155, 1.933758, 1.838923, 1.738998, 1.635342, 1.529299, 1.422168, 1.315177, 1.209463, 1.106053, 1.005854, 0.909640, 0.818052, 0.731591, 0.650627, 0.575405, 0.506048, 0.442577, 0.384914, 0.332902, 0.286318, 0.244884, 0.208282, 0.176167, 0.148177, 0.123942, 0.103096, 0.085282, 0.070156, 0.057397, 0.046702, 0.037798, 0.030434, 0.024387, 0.019459, 0.015478, 0.012295, 0.009786, 0.007846, 0.006392, 0.005356, 0.004692, 0.004368
0.004420, 0.004748, 0.005420, 0.006468, 0.007940, 0.009903, 0.012442, 0.015662, 0.019691, 0.024678, 0.030797, 0.038249, 0.047260, 0.058081, 0.070993, 0.086299, 0.104326, 0.125421, 0.149945, 0.178269, 0.210767, 0.247805, 0.289733, 0.336873, 0.389505, 0.447855, 0.512084, 0.582267, 0.658387, 0.740316, 0.827808, 0.920489, 1.017849, 1.119243, 1.223886, 1.330862, 1.439129, 1.547538, 1.654846, 1.759738, 1.860857, 1.956826, 2.046278, 2.127901, 2.200448, 2.262791, 2.313934, 2.353051, 2.379496, 2.392830, 2.392830, 2.379497, 2.353054, 2.313937, 2.262794, 2.200451, 2.127906, 2.046283, 1.956832, 1.860863, 1.759744, 1.654853, 1.547545, 1.439135, 1.330868, 1.223893, 1.119249, 1.017855, 0.920495, 0.827814, 0.740321, 0.658392, 0.582272, 0.512088, 0.447859, 0.389508, 0.336876, 0.289736, 0.247808, 0.210769, 0.178271, 0.149946, 0.125422, 0.104327, 0.086300, 0.070994, 0.058082, 0.047260, 0.038250, 0.030798, 0.024678, 0.019691, 0.015663, 0.012442, 0.009903, 0.007940, 0.006468, 0.005420, 0.004748, 0.004420
0.004447, 0.004777, 0.005452, 0.006506, 0.007987, 0.009962, 0.012516, 0.015755, 0.019807, 0.024824, 0.030979, 0.038475, 0.047539, 0.058424, 0.071412, 0.086809, 0.104942, 0.126161, 0.150829, 0.179321, 0.212010, 0.249267, 0.291442, 0.338859, 0.391801, 0.450495, 0.515102, 0.585699, 0.662267, 0.744678, 0.832685, 0.925911, 1.023845, 1.125836, 1.231095, 1.338700, 1.447605, 1.556653, 1.664595, 1.770106, 1.871819, 1.968350, 2.058331, 2.140430, 2.213405, 2.276114, 2.327559, 2.366906, 2.393505, 2.406917, 2.406918, 2.393507, 2.366908, 2.327562, 2.276118, 2.213409, 2.140435, 2.058336, 1.968356, 1.871825, 1.770112, 1.664602, 1.556659, 1.447612, 1.338707, 1.231102, 1.125842, 1.023851, 0.925917, 0.832691, 0.744683, 0.662272, 0.585703, 0.515106, 0.450499, 0.391804, 0.338862, 0.291445, 0.249269, 0.212012, 0.179322, 0.150831, 0.126162, 0.104943, 0.086810, 0.071413, 0.058425, 0.047539, 0.038476, 0.030980, 0.024824, 0.019808, 0.015755, 0.012516, 0.009962, 0.007987, 0.006506, 0.005452, 0.004777, 0.004447
0.004446, 0.004776, 0.005452, 0.006506, 0.007986, 0.009961, 0.012514, 0.015753, 0.019805, 0.024821, 0.030976, 0.038471, 0.047534, 0.058418, 0.071405, 0.086799, 0.104931, 0.126147, 0.150813, 0.179301, 0.211987, 0.249239, 0.291409, 0.338821, 0.391757, 0.450444, 0.515043, 0.585632, 0.662190, 0.744592, 0.832588, 0.925804, 1.023725, 1.125705, 1.230951, 1.338544, 1.447438, 1.556473, 1.664398, 1.769896, 1.871596, 1.968116, 2.058084, 2.140174, 2.213140, 2.275841, 2.327280, 2.366621, 2.393217, 2.406627, 2.406627, 2.393218, 2.366623, 2.327283, 2.275845, 2.213144, 2.140179, 2.058089, 1.968122, 1.871602, 1.769902, 1.664405, 1.556479, 1.447445, 1.338551, 1.230957, 1.125711, 1.023732, 0.925810, 0.832594, 0.744597, 0.662195, 0.585636, 0.515048, 0.450448, 0.391760, 0.338824, 0.291412, 0.249242, 0.211989, 0.179303, 0.150815, 0.126149, 0.104932, 0.086800, 0.071406, 0.058419, 0.047535, 0.038472, 0.030977, 0.024822, 0.019806, 0.015754, 0.012515, 0.009961, 0.007986, 0.006506, 0.005452, 0.004776, 0.004446
0.004419, 0.004747, 0.005419, 0.006466, 0.007938, 0.009900, 0.012438, 0.015658, 0.019685, 0.024670, 0.030788, 0.038237, 0.047245, 0.058063, 0.070971, 0.086271, 0.104292, 0.125380, 0.149896, 0.178210, 0.210697, 0.247723, 0.289636, 0.336759, 0.389372, 0.447702, 0.511908, 0.582066, 0.658158, 0.740057, 0.827518, 0.920165, 1.017491, 1.118848, 1.223456, 1.330393, 1.438621, 1.546990, 1.654258, 1.759111, 1.860192, 1.956122, 2.045542, 2.127131, 2.199651, 2.261971, 2.313095, 2.352196, 2.378630, 2.391958, 2.391958, 2.378631, 2.352199, 2.313098, 2.261974, 2.199655, 2.127136, 2.045546, 1.956128, 1.860198, 1.759117, 1.654264, 1.546997, 1.438628, 1.330400, 1.223462, 1.118855, 1.017497, 0.920171, 0.827523, 0.740063, 0.658163, 0.582070, 0.511912, 0.447706, 0.389375, 0.336762, 0.289639, 0.247725, 0.210699, 0.178212, 0.149897, 0.125381, 0.104294, 0.086272, 0.070971, 0.058064, 0.047246, 0.038238, 0.030788, 0.024671, 0.019685, 0.015658, 0.012439, 0.009900, 0.007938, 0.006466, 0.005419, 0.004747, 0.004419
0.004366, 0.004690, 0.005354, 0.006389, 0.007843, 0.009781, 0.012289, 0.015470, 0.019449, 0.024374, 0.030418, 0.037778, 0.046677, 0.057365, 0.070117, 0.085234, 0.103039, 0.123872, 0.148093, 0.176067, 0.208163, 0.244743, 0.286153, 0.332708, 0.384688, 0.442317, 0.505750, 0.575063, 0.650240, 0.731154, 0.817562, 0.909096, 1.005251, 1.105390, 1.208736, 1.314386, 1.421310, 1.528374, 1.634350, 1.737941, 1.837804, 1.932581, 2.020922, 2.101530, 2.173176, 2.234745, 2.285254, 2.323884, 2.350000, 2.363168, 2.363168, 2.350001, 2.323886, 2.285257, 2.234749, 2.173180, 2.101534, 2.020927, 1.932586, 1.837810, 1.737947, 1.634356, 1.528380, 1.421317, 1.314392, 1.208743, 1.105396, 1.005257, 0.909101, 0.817567, 0.731159, 0.650245, 0.575068, 0.505754, 0.442320, 0.384692, 0.332711, 0.286155, 0.244746, 0.208166, 0.176069, 0.148095, 0.123874, 0.103040, 0.085235, 0.070118, 0.057366, 0.046678, 0.037778, 0.030418, 0.024374, 0.019449, 0.015470, 0.012289, 0.009781, 0.007843, 0.006389, 0.005354, 0.004690, 0.004366
0.004288, 0.004606, 0.005258, 0.006274, 0.007702, 0.009606, 0.012069, 0.015192, 0.019100, 0.023937, 0.029873, 0.037101, 0.045840, 0.056337, 0.068860, 0.083706, 0.101191, 0.121651, 0.145438, 0.172910, 0.204430, 0.240354, 0.281020, 0.326741, 0.377789, 0.434383, 0.496678, 0.564748, 0.638576, 0.718038, 0.802896, 0.892788, 0.987218, 1.085560, 1.187051, 1.290804, 1.395810, 1.500952, 1.605026, 1.706757, 1.804828, 1.897902, 1.984659, 2.063819, 2.134180, 2.194644, 2.244247, 2.282184, 2.307831, 2.320762, 2.320763, 2.307832, 2.282186, 2.244250, 2.194648, 2.134184, 2.063824, 1.984664, 1.897907, 1.804833, 1.706763, 1.605032, 1.500958, 1.395816, 1.290810, 1.187057, 1.085566, 0.987224, 0.892794, 0.802901, 0.718043, 0.638580, 0.564752, 0.496682, 0.434387, 0.377792, 0.326744, 0.281023, 0.240356, 0.204432, 0.172912, 0.145439, 0.121653, 0.101192, 0.083707, 0.068861, 0.056337, 0.045841, 0.037101, 0.029873, 0.023937, 0.019100, 0.015193, 0.012069, 0.009606, 0.007702, 0.006274, 0.005258, 0.004606, 0.004288
0.004186, 0.004497, 0.005133, 0.006125, 0.007519, 0.009377, 0.011782, 0.014831, 0.018645, 0.023367, 0.029162, 0.036218, 0.044749, 0.054996, 0.067221, 0.081713, 0.098782, 0.118755, 0.141975, 0.168793, 0.199563, 0.234631, 0.274329, 0.318961, 0.368793, 0.424039, 0.484851, 0.551299, 0.623369, 0.700939, 0.783777, 0.871527, 0.963708, 1.059706, 1.158780, 1.260062, 1.362566, 1.465203, 1.566798, 1.666106, 1.761840, 1.852697, 1.937387, 2.014662, 2.083346, 2.142370, 2.190792, 2.227825, 2.252860, 2.265482, 2.265483, 2.252861, 2.227827, 2.190795, 2.142374, 2.083350, 2.014666, 1.937391, 1.852702, 1.761845, 1.666112, 1.566804, 1.465209, 1.362572, 1.260068, 1.158786, 1.059712, 0.963714, 0.871533, 0.783782, 0.700944, 0.623374, 0.551304, 0.484855, 0.424043, 0.368796, 0.318964, 0.274332, 0.234634, 0.199565, 0.168795, 0.141977, 0.118756, 0.098783, 0.081714, 0.067222, 0.054996, 0.044750, 0.036218, 0.029162, 0.023368, 0.018646, 0.014831, 0.011782, 0.009378, 0.007519, 0.006125, 0.005133, 0.004497, 0.004186
0.004062, 0.004363, 0.004981, 0.005943, 0.007296, 0.009099, 0.011432, 0.014391, 0.018093, 0.022675, 0.028297, 0.035144, 0.043423, 0.053365, 0.065228, 0.079291, 0.095853, 0.115234, 0.137766, 0.163788, 0.193646, 0.227674, 0.266194, 0.309503, 0.357857, 0.411465, 0.470472, 0.534950, 0.604882, 0.680152, 0.760533, 0.845681, 0.935127, 1.028278, 1.124413, 1.222690, 1.322153, 1.421746, 1.520327, 1.616689, 1.709583, 1.797744, 1.879922, 1.954904, 2.021551, 2.078824, 2.125809, 2.161743, 2.186036, 2.198285, 2.198286, 2.186037, 2.161745, 2.125812, 2.078827, 2.021555, 1.954908, 1.879926, 1.797750, 1.709588, 1.616694, 1.520333, 1.421752, 1.322159, 1.222695, 1.124419, 1.028284, 0.935132, 0.845686, 0.760539, 0.680157, 0.604887, 0.534955, 0.470476, 0.411468, 0.357860, 0.309506, 0.266197, 0.227676, 0.193648, 0.163790, 0.137767, 0.115235, 0.095854, 0.079292, 0.065229, 0.053366, 0.043423, 0.035144, 0.028298, 0.022675, 0.018093, 0.014391, 0.011432, 0.009100, 0.007296, 0.005943, 0.004981, 0.004363, 0.004062
0.003918, 0.004209, 0.004804, 0.005733, 0.007037, 0.008777, 0.011027, 0.013881, 0.017451, 0.021871, 0.027294, 0.033898, 0.041883, 0.051473, 0.062915, 0.076479, 0.092455, 0.111148, 0.132880, 0.157980, 0.186779, 0.219600, 0.256755, 0.298527, 0.345166, 0.396872, 0.453787, 0.515978, 0.583430, 0.656030, 0.733561, 0.815687, 0.901960, 0.991807, 1.084532, 1.179323, 1.275258, 1.371318, 1.466402, 1.559345, 1.648944, 1.733978, 1.813240, 1.885562, 1.949845, 2.005086, 2.050404, 2.085064, 2.108495, 2.120310, 2.120310, 2.108496, 2.085065, 2.050406, 2.005089, 1.949849, 1.885566, 1.813244, 1.733983, 1.648949, 1.559351, 1.466408, 1.371324, 1.275264, 1.179328, 1.084537, 0.991812, 0.901966, 0.815692, 0.733566, 0.656035, 0.583434, 0.515983, 0.453791, 0.396876, 0.345169, 0.298530, 0.256757, 0.219602, 0.186781, 0.157982, 0.132882, 0.111149, 0.092456, 0.076480, 0.062916, 0.051474, 0.041883, 0.033898, 0.027294, 0.021871, 0.017452, 0.013881, 0.011027, 0.008777, 0.007037, 0.005733, 0.004804, 0.004209, 0.003918
0.003756, 0.004035, 0.004606, 0.005496, 0.006747, 0.008415, 0.010572, 0.013309, 0.016732, 0.020969, 0.026169, 0.032500, 0.040156, 0.049351, 0.060321, 0.073326, 0.088642, 0.106565, 0.127401, 0.151466, 0.179076, 0.210544, 0.246166, 0.286216, 0.330931, 0.380505, 0.435072, 0.494699, 0.559369, 0.628975, 0.703306, 0.782045, 0.864760, 0.950900, 1.039800, 1.130681, 1.222659, 1.314756, 1.405918, 1.495028, 1.580930, 1.662456, 1.738448, 1.807787, 1.869418, 1.922380, 1.965829, 1.999059, 2.021523, 2.032851, 2.032851, 2.021524, 1.999060, 1.965831, 1.922383, 1.869422, 1.807791, 1.738452, 1.662461, 1.580935, 1.495033, 1.405923, 1.314761, 1.222664, 1.130686, 1.039805, 0.950905, 0.864765, 0.782050, 0.703311, 0.628980, 0.559373, 0.494703, 0.435076, 0.380508, 0.330934, 0.286218, 0.246169, 0.210546, 0.179078, 0.151467, 0.127402, 0.106566, 0.088643, 0.073327, 0.060322, 0.049351, 0.040157, 0.032501, 0.026169, 0.020969, 0.016732, 0.013309, 0.010573, 0.008415, 0.006747, 0.005496, 0.004606, 0.004035, 0.003756
0.003580, 0.003846, 0.004390, 0.005238, 0.006430, 0.008020, 0.010076, 0.012684, 0.015946, 0.019984, 0.024939, 0.030973, 0.038270, 0.047032, 0.057487, 0.069881, 0.084478, 0.101558, 0.121415, 0.144350, 0.170663, 0.200652, 0.234600, 0.272768, 0.315382, 0.362627, 0.414630, 0.471455, 0.533085, 0.599421, 0.670260, 0.745298, 0.824125, 0.906217, 0.990940, 1.077550, 1.165205, 1.252974, 1.339852, 1.424773, 1.506639, 1.584334, 1.656755, 1.722835, 1.781570, 1.832043, 1.873449, 1.905118, 1.926527, 1.937322, 1.937322, 1.926528, 1.905119, 1.873452, 1.832046, 1.781573, 1.722839, 1.656759, 1.584338, 1.506644, 1.424778, 1.339857, 1.252979, 1.165210, 1.077554, 0.990945, 0.906222, 0.824130, 0.745303, 0.670264, 0.599425, 0.533089, 0.471458, 0.414633, 0.362630, 0.315385, 0.272770, 0.234603, 0.200654, 0.170665, 0.144351, 0.121417, 0.101559, 0.084479, 0.069882, 0.057488, 0.047033, 0.038270, 0.030974, 0.024940, 0.019984, 0.015946, 0.012684, 0.010076, 0.008020, 0.006430, 0.005238, 0.004390, 0.003846, 0.003580
0.003391, 0.003643, 0.004158, 0.004962, 0.006091, 0.007597, 0.009545, 0.012015, 0.015106, 0.018931, 0.023625, 0.029341, 0.036253, 0.044554, 0.054458, 0.066199, 0.080026, 0.096207, 0.115017, 0.136743, 0.161670, 0.190079, 0.222238, 0.258394, 0.298762, 0.343517, 0.392780, 0.446609, 0.504992, 0.567832, 0.634936, 0.706020, 0.780693, 0.858458, 0.938715, 1.020760, 1.103795, 1.186939, 1.269237, 1.349683, 1.427233, 1.500833, 1.569437, 1.632034, 1.687673, 1.735486, 1.774710, 1.804709, 1.824990, 1.835215, 1.835216, 1.824990, 1.804710, 1.774712, 1.735488, 1.687675, 1.632037, 1.569441, 1.500837, 1.427238, 1.349687, 1.269242, 1.186944, 1.103800, 1.020764, 0.938719, 0.858463, 0.780697, 0.706025, 0.634941, 0.567836, 0.504996, 0.446613, 0.392783, 0.343520, 0.298765, 0.258396, 0.222240, 0.190080, 0.161671, 0.136744, 0.115019, 0.096208, 0.080027, 0.066200, 0.054459, 0.044555, 0.036254, 0.029342, 0.023626, 0.018931, 0.015106, 0.012015, 0.009545, 0.007597, 0.006092, 0.004962, 0.004159, 0.003643, 0.003391
0.003193, 0.003430, 0.003916, 0.004673, 0.005736, 0.007154, 0.008988, 0.011314, 0.014224, 0.017826, 0.022246, 0.027629, 0.034137, 0.041953, 0.051279, 0.062335, 0.075355, 0.090591, 0.108303, 0.128761, 0.152232, 0.178982, 0.209264, 0.243309, 0.281321, 0.323463, 0.369850, 0.420537, 0.475511, 0.534682, 0.597868, 0.664802, 0.735114, 0.808339, 0.883910, 0.961165, 1.039352, 1.117641, 1.195135, 1.270883, 1.343906, 1.413208, 1.477806, 1.536748, 1.589138, 1.634159, 1.671093, 1.699341, 1.718437, 1.728066, 1.728066, 1.718438, 1.699342, 1.671095, 1.634162, 1.589141, 1.536751, 1.477810, 1.413212, 1.343910, 1.270887, 1.195139, 1.117646, 1.039356, 0.961169, 0.883915, 0.808344, 0.735119, 0.664806, 0.597872, 0.534686, 0.475515, 0.420540, 0.369853, 0.323466, 0.281324, 0.243312, 0.209266, 0.178984, 0.152234, 0.128762, 0.108305, 0.090592, 0.075356, 0.062335, 0.051280, 0.041954, 0.034137, 0.027629, 0.022247, 0.017826, 0.014224, 0.011314, 0.008988, 0.007154, 0.005736, 0.004673, 0.003916, 0.003430, 0.003193
0.002989, 0.003211, 0.003665, 0.004373, 0.005369, 0.006696, 0.008413, 0.010590, 0.013313, 0.016685, 0.020822, 0.025860, 0.031952, 0.039268, 0.047997, 0.058344, 0.070531, 0.084791, 0.101369, 0.120517, 0.142485, 0.167523, 0.195866, 0.227731, 0.263309, 0.302753, 0.346169, 0.393611, 0.445065, 0.500446, 0.559587, 0.622235, 0.688045, 0.756581, 0.827313, 0.899620, 0.972800, 1.046076, 1.118607, 1.189506, 1.257853, 1.322717, 1.383178, 1.438346, 1.487381, 1.529519, 1.564088, 1.590526, 1.608401, 1.617412, 1.617412, 1.608402, 1.590528, 1.564090, 1.529521, 1.487384, 1.438349, 1.383181, 1.322720, 1.257857, 1.189510, 1.118612, 1.046081, 0.972805, 0.899624, 0.827317, 0.756585, 0.688049, 0.622239, 0.559591, 0.500450, 0.445068, 0.393614, 0.346172, 0.302755, 0.263311, 0.227733, 0.195868, 0.167525, 0.142487, 0.120518, 0.101371, 0.084792, 0.070531, 0.058345, 0.047997, 0.039268, 0.031952, 0.025860, 0.020822, 0.016685, 0.013314, 0.010590, 0.008413, 0.006696, 0.005369, 0.004374, 0.003665, 0.003211, 0.002989
0.002781, 0.002987, 0.003410, 0.004069, 0.004995, 0.006230, 0.007827, 0.009852, 0.012386, 0.015523, 0.019372, 0.024059, 0.029727, 0.036533, 0.044654, 0.054281, 0.065619, 0.078886, 0.094310, 0.112124, 0.132563, 0.155857, 0.182225, 0.211872, 0.244971, 0.281668, 0.322060, 0.366198, 0.414068, 0.465591, 0.520614, 0.578898, 0.640125, 0.703887, 0.769693, 0.836963, 0.905047, 0.973219, 1.040698, 1.106658, 1.170245, 1.230591, 1.286841, 1.338166, 1.383786, 1.422988, 1.455149, 1.479747, 1.496376, 1.504760, 1.504760, 1.496377, 1.479748, 1.455151, 1.422991, 1.383788, 1.338169, 1.286844, 1.230595, 1.170248, 1.106662, 1.040702, 0.973223, 0.905051, 0.836967, 0.769697, 0.703891, 0.640129, 0.578902, 0.520618, 0.465595, 0.414071, 0.366201, 0.322063, 0.281670, 0.244974, 0.211873, 0.182227, 0.155858, 0.132564, 0.112125, 0.094311, 0.078887, 0.065620, 0.054282, 0.044655, 0.036534, 0.029727, 0.024060, 0.019372, 0.015523, 0.012387, 0.009853, 0.007827, 0.006230, 0.004995, 0.004069, 0.003410, 0.002987, 0.002781
0.002572, 0.002763, 0.003153, 0.003763, 0.004619, 0.005761, 0.007238, 0.009111, 0.011455, 0.014356, 0.017915, 0.022250, 0.027491, 0.033785, 0.041295, 0.050198, 0.060683, 0.072952, 0.087216, 0.103690, 0.122591, 0.144132, 0.168517, 0.195933, 0.226543, 0.260478, 0.297832, 0.338649, 0.382918, 0.430565, 0.481447, 0.535347, 0.591968, 0.650933, 0.711787, 0.773997, 0.836958, 0.900001, 0.962403, 1.023401, 1.082203, 1.138009, 1.190027, 1.237491, 1.279678, 1.315932, 1.345673, 1.368419, 1.383797, 1.391550, 1.391550, 1.383797, 1.368420, 1.345674, 1.315933, 1.279681, 1.237494, 1.190030, 1.138013, 1.082206, 1.023404, 0.962407, 0.900005, 0.836962, 0.774001, 0.711791, 0.650937, 0.591971, 0.535351, 0.481451, 0.430568, 0.382921, 0.338652, 0.297835, 0.260481, 0.226545, 0.195935, 0.168519, 0.144133, 0.122592, 0.103691, 0.087217, 0.072953, 0.060684, 0.050198, 0.041296, 0.033786, 0.027491, 0.022250, 0.017915, 0.014356, 0.011455, 0.009111, 0.007238, 0.005761, 0.004619, 0.003763, 0.003154, 0.002763, 0.002572
0.002364, 0.002540, 0.002899, 0.003459, 0.004246, 0.005296, 0.006653, 0.008375, 0.010530, 0.013196, 0.016468, 0.020452, 0.025270, 0.031056, 0.037960, 0.046143, 0.055781, 0.067059, 0.080171, 0.095314, 0.112688, 0.132489, 0.154904, 0.180105, 0.208243, 0.239437, 0.273773, 0.311292, 0.351985, 0.395782, 0.442554, 0.492100, 0.544146, 0.598348, 0.654286, 0.711470, 0.769344, 0.827294, 0.884655, 0.940724, 0.994776, 1.046074, 1.093890, 1.137518, 1.176297, 1.209621, 1.236960, 1.257868, 1.272004, 1.279131, 1.279131, 1.272004, 1.257870, 1.236961, 1.209623, 1.176299, 1.137521, 1.093892, 1.046077, 0.994779, 0.940728, 0.884658, 0.827297, 0.769348, 0.711473, 0.654289, 0.598351, 0.544149, 0.492103, 0.442557, 0.395785, 0.351987, 0.311294, 0.273775, 0.239439, 0.208244, 0.180107, 0.154906, 0.132490, 0.112689, 0.095315, 0.080171, 0.067060, 0.055782, 0.046144, 0.037960, 0.031057, 0.025270, 0.020453, 0.016468, 0.013196, 0.010530, 0.008376, 0.006654, 0.005296, 0.004246, 0.003459, 0.002899, 0.002540, 0.002364
0.002160, 0.002320, 0.002649, 0.003161, 0.003880, 0.004839, 0.006079, 0.007653, 0.009621, 0.012057, 0.015047, 0.018687, 0.023089, 0.028376, 0.034684, 0.042161, 0.050967, 0.061272, 0.073252, 0.087088, 0.102963, 0.121055, 0.141536, 0.164562, 0.190271, 0.218773, 0.250145, 0.284426, 0.321607, 0.361624, 0.404359, 0.449628, 0.497183, 0.546707, 0.597817, 0.650065, 0.702945, 0.755893, 0.808303, 0.859533, 0.908919, 0.955789, 0.999478, 1.039341, 1.074773, 1.105221, 1.130200, 1.149304, 1.162219, 1.168731, 1.168731, 1.162219, 1.149305, 1.130201, 1.105223, 1.074775, 1.039343, 0.999480, 0.955792, 0.908922, 0.859535, 0.808306, 0.755896, 0.702948, 0.650068, 0.597820, 0.546710, 0.497186, 0.449631, 0.404362, 0.361627, 0.321609, 0.284429, 0.250147, 0.218774, 0.190272, 0.164563, 0.141537, 0.121056, 0.102964, 0.087089, 0.073253, 0.061273, 0.050968, 0.042161, 0.034684, 0.028376, 0.023090, 0.018688, 0.015047, 0.012057, 0.009621, 0.007653, 0.006079, 0.004839, 0.003880, 0.003161, 0.002649, 0.002320, 0.002160
0.001962, 0.002107, 0.002406, 0.002870, 0.003524, 0.004395, 0.005521, 0.006950, 0.008738, 0.010951, 0.013666, 0.016972, 0.020970, 0.025772, 0.031500, 0.038291, 0.046289, 0.055648, 0.066528, 0.079094, 0.093512, 0.109943, 0.128544, 0.149456, 0.172805, 0.198691, 0.227183, 0.258318, 0.292085, 0.328429, 0.367241, 0.408354, 0.451543, 0.496521, 0.542939, 0.590391, 0.638416, 0.686504, 0.734102, 0.780629, 0.825482, 0.868049, 0.907727, 0.943931, 0.976110, 1.003764, 1.026450, 1.043799, 1.055528, 1.061442, 1.061443, 1.055529, 1.043800, 1.026451, 1.003765, 0.976112, 0.943933, 0.907729, 0.868052, 0.825484, 0.780632, 0.734105, 0.686506, 0.638419, 0.590394, 0.542942, 0.496523, 0.451546, 0.408356, 0.367243, 0.328431, 0.292087, 0.258320, 0.227185, 0.198692, 0.172807, 0.149458, 0.128545, 0.109944, 0.093513, 0.079095, 0.066529, 0.055649, 0.046290, 0.038292, 0.031501, 0.025772, 0.020970, 0.016972, 0.013666, 0.010951, 0.008738, 0.006950, 0.005521, 0.004395, 0.003524, 0.002871, 0.002406, 0.002107, 0.001962
0.001771, 0.001903, 0.002172, 0.002591, 0.003181, 0.003967, 0.004984, 0.006274, 0.007888, 0.009886, 0.012337, 0.015322, 0.018931, 0.023265, 0.028437, 0.034567, 0.041788, 0.050236, 0.060058, 0.071402, 0.084418, 0.099251, 0.116043, 0.134921, 0.155999, 0.179367, 0.205089, 0.233195, 0.263678, 0.296488, 0.331525, 0.368639, 0.407627, 0.448231, 0.490135, 0.532972, 0.576326, 0.619736, 0.662706, 0.704708, 0.745198, 0.783625, 0.819444, 0.852126, 0.881176, 0.906139, 0.926618, 0.942281, 0.952870, 0.958209, 0.958209, 0.952870, 0.942282, 0.926620, 0.906140, 0.881177, 0.852128, 0.819446, 0.783627, 0.745200, 0.704710, 0.662708, 0.619739, 0.576329, 0.532974, 0.490137, 0.448233, 0.407630, 0.368641, 0.331527, 0.296490, 0.263680, 0.233197, 0.205091, 0.179369, 0.156001, 0.134923, 0.116044, 0.099252, 0.084419, 0.071403, 0.060059, 0.050237, 0.041788, 0.034568, 0.028437, 0.023266, 0.018931, 0.015322, 0.012337, 0.009886, 0.007888, 0.006275, 0.004985, 0.003967, 0.003181, 0.002591, 0.002172, 0.001903, 0.001771
0.001589, 0.001707, 0.001949, 0.002325, 0.002854, 0.003560, 0.004473, 0.005630, 0.007078, 0.008871, 0.011070, 0.013749, 0.016987, 0.020877, 0.025517, 0.031018, 0.037497, 0.045078, 0.053892, 0.064071, 0.075750, 0.089060, 0.104128, 0.121068, 0.139981, 0.160950, 0.184030, 0.209250, 0.236603, 0.266043, 0.297482, 0.330786, 0.365771, 0.402204, 0.439805, 0.478244, 0.517146, 0.556099, 0.594656, 0.632344, 0.668677, 0.703158, 0.735299, 0.764625, 0.790692, 0.813091, 0.831468, 0.845522, 0.855023, 0.859814, 0.859814, 0.855024, 0.845523, 0.831469, 0.813093, 0.790693, 0.764627, 0.735300, 0.703160, 0.668679, 0.632347, 0.594658, 0.556101, 0.517148, 0.478246, 0.439807, 0.402206, 0.365773, 0.330788, 0.297484, 0.266045, 0.236605, 0.209252, 0.184032, 0.160951, 0.139983, 0.121069, 0.104129, 0.089061, 0.075751, 0.064072, 0.053892, 0.045079, 0.037497, 0.031018, 0.025517, 0.020877, 0.016987, 0.013749, 0.011070, 0.008871, 0.007078, 0.005630, 0.004473, 0.003560, 0.002855, 0.002325, 0.001949, 0.001707, 0.001589
0.001418, 0.001523, 0.001738, 0.002074, 0.002546, 0.003175, 0.003989, 0.005022, 0.006313, 0.007912, 0.009874, 0.012263, 0.015151, 0.018620, 0.022759, 0.027666, 0.033444, 0.040206, 0.048067, 0.057146, 0.067563, 0.079435, 0.092874, 0.107983, 0.124852, 0.143555, 0.164141, 0.186635, 0.211031, 0.237290, 0.265331, 0.295034, 0.326238, 0.358733, 0.392270, 0.426554, 0.461252, 0.495995, 0.530384, 0.563999, 0.596404, 0.627159, 0.655825, 0.681982, 0.705231, 0.725210, 0.741600, 0.754135, 0.762610, 0.766883, 0.766883, 0.762610, 0.754136, 0.741601, 0.725211, 0.705233, 0.681984, 0.655827, 0.627160, 0.596406, 0.564001, 0.530386, 0.495997, 0.461254, 0.426556, 0.392272, 0.358735, 0.326239, 0.295036, 0.265332, 0.237291, 0.211033, 0.186636, 0.164142, 0.143556, 0.124854, 0.107984, 0.092875, 0.079436, 0.067564, 0.057147, 0.048068, 0.040207, 0.033445, 0.027666, 0.022760, 0.018621, 0.015151, 0.012263, 0.009874, 0.007912, 0.006313, 0.005022, 0.003989, 0.003175, 0.002546, 0.002074, 0.001738, 0.001523, 0.001418
0.001257, 0.001350, 0.001541, 0.001839, 0.002257, 0.002815, 0.003537, 0.004452, 0.005597, 0.007015, 0.008754, 0.010872, 0.013433, 0.016508, 0.020178, 0.024527, 0.029651, 0.035645, 0.042614, 0.050664, 0.059899, 0.070424, 0.082338, 0.095733, 0.110689, 0.127269, 0.145520, 0.165462, 0.187091, 0.210370, 0.235230, 0.261563, 0.289227, 0.318036, 0.347767, 0.378162, 0.408923, 0.439724, 0.470212, 0.500013, 0.528742, 0.556008, 0.581422, 0.604612, 0.625223, 0.642935, 0.657466, 0.668579, 0.676092, 0.679880, 0.679880, 0.676092, 0.668579, 0.657466, 0.642936, 0.625224, 0.604613, 0.581424, 0.556009, 0.528743, 0.500015, 0.470214, 0.439726, 0.408925, 0.378164, 0.347769, 0.318037, 0.289228, 0.261565, 0.235231, 0.210371, 0.187092, 0.165463, 0.145521, 0.127270, 0.110690, 0.095734, 0.082339, 0.070424, 0.059899, 0.050664, 0.042615, 0.035646, 0.029651, 0.024528, 0.020178, 0.016508, 0.013433, 0.010872, 0.008754, 0.007015, 0.005597, 0.004452, 0.003537, 0.002815, 0.002257, 0.001839, 0.001541, 0.001350, 0.001257
0.001107, 0.001190, 0.001358, 0.001620, 0.001989, 0.002481, 0.003117, 0.003923, 0.004932, 0.006181, 0.007714, 0.009580, 0.011837, 0.014547, 0.017781, 0.021614, 0.026129, 0.031411, 0.037553, 0.044646, 0.052784, 0.062059, 0.072558, 0.084362, 0.097541, 0.112152, 0.128235, 0.145808, 0.164868, 0.185382, 0.207288, 0.230494, 0.254871, 0.280258, 0.306458, 0.333242, 0.360349, 0.387491, 0.414358, 0.440620, 0.465936, 0.489962, 0.512358, 0.532793, 0.550956, 0.566564, 0.579368, 0.589162, 0.595782, 0.599120, 0.599120, 0.595782, 0.589162, 0.579369, 0.566565, 0.550957, 0.532794, 0.512359, 0.489964, 0.465937, 0.440621, 0.414360, 0.387493, 0.360351, 0.333243, 0.306460, 0.280260, 0.254873, 0.230496, 0.207290, 0.185383, 0.164869, 0.145809, 0.128236, 0.112153, 0.097542, 0.084363, 0.072559, 0.062059, 0.052784, 0.044646, 0.037553, 0.031412, 0.026129, 0.021614, 0.017781, 0.014548, 0.011837, 0.009581, 0.007714, 0.006182, 0.004932, 0.003923, 0.003117, 0.002481, 0.001989, 0.001620, 0.001358, 0.001190, 0.001107
0.000970, 0.001042, 0.001189, 0.001419, 0.001742, 0.002173, 0.002730, 0.003437, 0.004320, 0.005414, 0.006757, 0.008392, 0.010368, 0.012742, 0.015575, 0.018932, 0.022887, 0.027514, 0.032893, 0.039106, 0.046234, 0.054358, 0.063555, 0.073894, 0.085438, 0.098236, 0.112323, 0.127715, 0.144410, 0.162378, 0.181566, 0.201893, 0.223245, 0.245481, 0.268430, 0.291890, 0.315633, 0.339408, 0.362940, 0.385943, 0.408118, 0.429163, 0.448779, 0.466678, 0.482587, 0.496259, 0.507474, 0.516052, 0.521851, 0.524775, 0.524775, 0.521851, 0.516052, 0.507475, 0.496259, 0.482588, 0.466679, 0.448780, 0.429164, 0.408119, 0.385944, 0.362941, 0.339409, 0.315635, 0.291892, 0.268431, 0.245483, 0.223246, 0.201894, 0.181568, 0.162379, 0.144411, 0.127716, 0.112323, 0.098236, 0.085438, 0.073894, 0.063555, 0.054359, 0.046235, 0.039106, 0.032894, 0.027514, 0.022887, 0.018932, 0.015575, 0.012742, 0.010369, 0.008392, 0.006757, 0.005415, 0.004320, 0.003437, 0.002730, 0.002173, 0.001742, 0.001419, 0.001189, 0.001042, 0.000970
0.000845, 0.000907, 0.001036, 0.001236, 0.001517, 0.001892, 0.002377, 0.002992, 0.003762, 0.004714, 0.005883, 0.007306, 0.009027, 0.011094, 0.013560, 0.016483, 0.019926, 0.023955, 0.028638, 0.034047, 0.040253, 0.047326, 0.055333, 0.064335, 0.074385, 0.085528, 0.097792, 0.111194, 0.125729, 0.141372, 0.158079, 0.175775, 0.194365, 0.213725, 0.233705, 0.254130, 0.274802, 0.295500, 0.315988, 0.336015, 0.355321, 0.373643, 0.390722, 0.406306, 0.420157, 0.432059, 0.441824, 0.449292, 0.454341, 0.456887, 0.456887, 0.454341, 0.449293, 0.441825, 0.432060, 0.420158, 0.406307, 0.390723, 0.373644, 0.355322, 0.336016, 0.315989, 0.295501, 0.274803, 0.254131, 0.233706, 0.213726, 0.194366, 0.175776, 0.158080, 0.141374, 0.125729, 0.111195, 0.097793, 0.085528, 0.074386, 0.064335, 0.055334, 0.047327, 0.040254, 0.034048, 0.028638, 0.023955, 0.019926, 0.016483, 0.013560, 0.011094, 0.009027, 0.007306, 0.005883, 0.004714, 0.003762, 0.002992, 0.002377, 0.001892, 0.001517, 0.001236, 0.001036, 0.000907, 0.000845
0.000731, 0.000785, 0.000896, 0.001069, 0.001313, 0.001637, 0.002057, 0.002589, 0.003255, 0.004080, 0.005091, 0.006323, 0.007812, 0.009601, 0.011735, 0.014265, 0.017244, 0.020730, 0.024783, 0.029464, 0.034835, 0.040956, 0.047885, 0.055675, 0.064373, 0.074015, 0.084629, 0.096226, 0.108805, 0.122343, 0.136800, 0.152114, 0.168202, 0.184956, 0.202246, 0.219922, 0.237811, 0.255723, 0.273453, 0.290784, 0.307491, 0.323347, 0.338127, 0.351612, 0.363599, 0.373899, 0.382349, 0.388812, 0.393182, 0.395385, 0.395385, 0.393182, 0.388813, 0.382350, 0.373900, 0.363600, 0.351613, 0.338128, 0.323348, 0.307492, 0.290785, 0.273454, 0.255724, 0.237812, 0.219923, 0.202247, 0.184957, 0.168203, 0.152115, 0.136801, 0.122344, 0.108805, 0.096227, 0.084630, 0.074016, 0.064373, 0.055676, 0.047886, 0.040957, 0.034836, 0.029465, 0.024784, 0.020731, 0.017244, 0.014265, 0.011735, 0.009601, 0.007812, 0.006323, 0.005091, 0.004080, 0.003255, 0.002589, 0.002057, 0.001637, 0.001313, 0.001069, 0.000896, 0.000785, 0.000731
0.000629, 0.000675, 0.000771, 0.000920, 0.001129, 0.001408, 0.001769, 0.002227, 0.002800, 0.003509, 0.004379, 0.005439, 0.006720, 0.008258, 0.010094, 0.012270, 0.014833, 0.017832, 0.021318, 0.025345, 0.029965, 0.035230, 0.041190, 0.047891, 0.055372, 0.063666, 0.072796, 0.082772, 0.093591, 0.105237, 0.117672, 0.130845, 0.144684, 0.159095, 0.173967, 0.189172, 0.204559, 0.219967, 0.235218, 0.250125, 0.264496, 0.278135, 0.290848, 0.302448, 0.312759, 0.321619, 0.328888, 0.334447, 0.338205, 0.340100, 0.340100, 0.338205, 0.334447, 0.328888, 0.321619, 0.312759, 0.302449, 0.290849, 0.278136, 0.264497, 0.250126, 0.235219, 0.219968, 0.204560, 0.189173, 0.173968, 0.159096, 0.144684, 0.130846, 0.117673, 0.105237, 0.093592, 0.082772, 0.072797, 0.063667, 0.055373, 0.047891, 0.041190, 0.035230, 0.029965, 0.025345, 0.021318, 0.017832, 0.014833, 0.012270, 0.010094, 0.008259, 0.006720, 0.005439, 0.004379, 0.003509, 0.002800, 0.002227, 0.001769, 0.001408, 0.001129, 0.000920, 0.000771, 0.000675, 0.000629
0.000538, 0.000577, 0.000659, 0.000787, 0.000966, 0.001204, 0.001513, 0.001904, 0.002394, 0.003000, 0.003744, 0.004650, 0.005745, 0.007061, 0.008630, 0.010491, 0.012682, 0.015246, 0.018227, 0.021670, 0.025620, 0.030121, 0.035217, 0.040946, 0.047343, 0.054434, 0.062240, 0.070769, 0.080020, 0.089977, 0.100609, 0.111872, 0.123703, 0.136025, 0.148741, 0.161740, 0.174896, 0.188070, 0.201109, 0.213855, 0.226142, 0.237803, 0.248673, 0.258590, 0.267406, 0.274981, 0.281196, 0.285949, 0.289162, 0.290782, 0.290782, 0.289162, 0.285949, 0.281196, 0.274982, 0.267406, 0.258591, 0.248673, 0.237804, 0.226143, 0.213856, 0.201110, 0.188071, 0.174897, 0.161741, 0.148742, 0.136026, 0.123704, 0.111873, 0.100610, 0.089977, 0.080021, 0.070770, 0.062241, 0.054435, 0.047343, 0.040947, 0.035217, 0.030122, 0.025620, 0.021670, 0.018227, 0.015246, 0.012682, 0.010491, 0.008631, 0.007061, 0.005746, 0.004650, 0.003744, 0.003000, 0.002394, 0.001904, 0.001513, 0.001204, 0.000966, 0.000787, 0.000659, 0.000577, 0.000538
0.000457, 0.000491, 0.000560, 0.000668, 0.000821, 0.001023, 0.001286, 0.001618, 0.002035, 0.002550, 0.003182, 0.003952, 0.004883, 0.006001, 0.007335, 0.008916, 0.010778, 0.012957, 0.015490, 0.018416, 0.021773, 0.025598, 0.029929, 0.034798, 0.040234, 0.046260, 0.052894, 0.060143, 0.068004, 0.076466, 0.085501, 0.095073, 0.105128, 0.115599, 0.126406, 0.137453, 0.148633, 0.159829, 0.170910, 0.181742, 0.192184, 0.202094, 0.211331, 0.219760, 0.227251, 0.233689, 0.238970, 0.243009, 0.245740, 0.247117, 0.247117, 0.245740, 0.243010, 0.238970, 0.233689, 0.227251, 0.219760, 0.211332, 0.202095, 0.192185, 0.181743, 0.170911, 0.159829, 0.148634, 0.137454, 0.126406, 0.115600, 0.105128, 0.095074, 0.085502, 0.076466, 0.068005, 0.060143, 0.052895, 0.046261, 0.040234, 0.034798, 0.029929, 0.025598, 0.021773, 0.018416, 0.015490, 0.012957, 0.010778, 0.008916, 0.007335, 0.006001, 0.004883, 0.003952, 0.003182, 0.002550, 0.002035, 0.001618, 0.001286, 0.001023, 0.000821, 0.000668, 0.000560, 0.000491, 0.000457
0.000386, 0.000415, 0.000473, 0.000565, 0.000693, 0.000864, 0.001086, 0.001367, 0.001719, 0.002154, 0.002688, 0.003338, 0.004125, 0.005069, 0.006196, 0.007531, 0.009104, 0.010945, 0.013085, 0.015556, 0.018392, 0.021623, 0.025281, 0.029394, 0.033986, 0.039077, 0.044680, 0.050803, 0.057444, 0.064591, 0.072224, 0.080309, 0.088803, 0.097648, 0.106776, 0.116108, 0.125552, 0.135009, 0.144370, 0.153519, 0.162340, 0.170711, 0.178514, 0.185633, 0.191961, 0.197399, 0.201861, 0.205273, 0.207579, 0.208742, 0.208742, 0.207579, 0.205273, 0.201861, 0.197400, 0.191962, 0.185634, 0.178514, 0.170711, 0.162340, 0.153520, 0.144370, 0.135010, 0.125553, 0.116109, 0.106777, 0.097648, 0.088803, 0.080310, 0.072225, 0.064592, 0.057444, 0.050804, 0.044681, 0.039077, 0.033986, 0.029394, 0.025282, 0.021623, 0.018392, 0.015556, 0.013085, 0.010945, 0.009104, 0.007531, 0.006196, 0.005069, 0.004125, 0.003338, 0.002688, 0.002154, 0.001719, 0.001367, 0.001086, 0.000864, 0.000693, 0.000565, 0.000473, 0.000415, 0.000386
0.000324, 0.000348, 0.000397, 0.000474, 0.000582, 0.000726, 0.000912, 0.001148, 0.001443, 0.001808, 0.002257, 0.002803, 0.003463, 0.004256, 0.005202, 0.006323, 0.007644, 0.009190, 0.010986, 0.013061, 0.015442, 0.018155, 0.021227, 0.024680, 0.028535, 0.032810, 0.037515, 0.042655, 0.048231, 0.054232, 0.060641, 0.067429, 0.074560, 0.081987, 0.089651, 0.097486, 0.105416, 0.113356, 0.121215, 0.128897, 0.136303, 0.143332, 0.149883, 0.155861, 0.161174, 0.165740, 0.169485, 0.172350, 0.174287, 0.175263, 0.175263, 0.174287, 0.172350, 0.169486, 0.165740, 0.161174, 0.155861, 0.149883, 0.143332, 0.136304, 0.128898, 0.121216, 0.113356, 0.105416, 0.097487, 0.089652, 0.081987, 0.074561, 0.067430, 0.060641, 0.054233, 0.048231, 0.042656, 0.037515, 0.032810, 0.028536, 0.024680, 0.021227, 0.018155, 0.015442, 0.013061, 0.010986, 0.009190, 0.007644, 0.006323, 0.005202, 0.004256, 0.003463, 0.002803, 0.002257, 0.001809, 0.001443, 0.001148, 0.000912, 0.000726, 0.000582, 0.000474, 0.000397, 0.000348, 0.000324
0.000270, 0.000290, 0.000332, 0.000396, 0.000486, 0.000606, 0.000761, 0.000958, 0.001204, 0.001509, 0.001883, 0.002339, 0.002890, 0.003552, 0.004341, 0.005277, 0.006379, 0.007669, 0.009169, 0.010900, 0.012887, 0.015152, 0.017715, 0.020597, 0.023814, 0.027381, 0.031308, 0.035598, 0.040251, 0.045260, 0.050608, 0.056273, 0.062224, 0.068422, 0.074818, 0.081357, 0.087975, 0.094601, 0.101160, 0.107571, 0.113752, 0.119617, 0.125085, 0.130073, 0.134508, 0.138318, 0.141444, 0.143835, 0.145451, 0.146266, 0.146266, 0.145451, 0.143835, 0.141444, 0.138318, 0.134508, 0.130074, 0.125085, 0.119618, 0.113752, 0.107572, 0.101160, 0.094602, 0.087975, 0.081358, 0.074819, 0.068423, 0.062225, 0.056273, 0.050608, 0.045260, 0.040252, 0.035598, 0.031308, 0.027382, 0.023815, 0.020597, 0.017715, 0.015152, 0.012887, 0.010900, 0.009169, 0.007669, 0.006380, 0.005277, 0.004341, 0.003552, 0.002890, 0.002339, 0.001884, 0.001509, 0.001204, 0.000958, 0.000761, 0.000606, 0.000486, 0.000396, 0.000332, 0.000290, 0.000270
0.000224, 0.000241, 0.000275, 0.000328, 0.000403, 0.000502, 0.000631, 0.000795, 0.000999, 0.001252, 0.001562, 0.001940, 0.002397, 0.002946, 0.003601, 0.004378, 0.005292, 0.006362, 0.007606, 0.009042, 0.010690, 0.012569, 0.014695, 0.017085, 0.019754, 0.022713, 0.025970, 0.029529, 0.033389, 0.037544, 0.041980, 0.046679, 0.051616, 0.056757, 0.062063, 0.067487, 0.072976, 0.078473, 0.083914, 0.089232, 0.094359, 0.099224, 0.103759, 0.107898, 0.111576, 0.114737, 0.117330, 0.119313, 0.120653, 0.121329, 0.121329, 0.120653, 0.119313, 0.117330, 0.114737, 0.111576, 0.107898, 0.103760, 0.099225, 0.094359, 0.089232, 0.083914, 0.078473, 0.072977, 0.067487, 0.062063, 0.056758, 0.051616, 0.046680, 0.041980, 0.037544, 0.033389, 0.029529, 0.025971, 0.022714, 0.019755, 0.017086, 0.014695, 0.012569, 0.010690, 0.009042, 0.007606, 0.006362, 0.005292, 0.004378, 0.003601, 0.002946, 0.002397, 0.001940, 0.001562, 0.001252, 0.000999, 0.000795, 0.000631, 0.000502, 0.000403, 0.000328, 0.000275, 0.000241, 0.000224
0.000185, 0.000199, 0.000227, 0.000271, 0.000332, 0.000414, 0.000521, 0.000655, 0.000824, 0.001032, 0.001288, 0.001600, 0.001977, 0.002429, 0.002969, 0.003609, 0.004363, 0.005245, 0.006271, 0.007455, 0.008814, 0.010363, 0.012116, 0.014087, 0.016288, 0.018727, 0.021413, 0.024347, 0.027530, 0.030955, 0.034613, 0.038488, 0.042558, 0.046797, 0.051171, 0.055644, 0.060170, 0.064702, 0.069187, 0.073572, 0.077799, 0.081811, 0.085550, 0.088962, 0.091995, 0.094601, 0.096739, 0.098374, 0.099480, 0.100037, 0.100037, 0.099480, 0.098374, 0.096739, 0.094601, 0.091995, 0.088963, 0.085551, 0.081811, 0.077800, 0.073573, 0.069188, 0.064702, 0.060170, 0.055644, 0.051172, 0.046797, 0.042558, 0.038488, 0.034613, 0.030955, 0.027530, 0.024347, 0.021413, 0.018728, 0.016288, 0.014087, 0.012116, 0.010363, 0.008814, 0.007455, 0.006271, 0.005245, 0.004363, 0.003609, 0.002969, 0.002429, 0.001977, 0.001600, 0.001288, 0.001032, 0.000824, 0.000655, 0.000521, 0.000414, 0.000332, 0.000271, 0.000227, 0.000199, 0.000185
0.000152, 0.000163, 0.000186, 0.000222, 0.000272, 0.000340, 0.000427, 0.000537, 0.000675, 0.000846, 0.001056, 0.001311, 0.001620, 0.001991, 0.002433, 0.002958, 0.003576, 0.004299, 0.005139, 0.006110, 0.007224, 0.008493, 0.009929, 0.011545, 0.013348, 0.015348, 0.017548, 0.019953, 0.022561, 0.025369, 0.028366, 0.031542, 0.034878, 0.038351, 0.041937, 0.045602, 0.049311, 0.053025, 0.056701, 0.060295, 0.063759, 0.067047, 0.070111, 0.072907, 0.075393, 0.077528, 0.079280, 0.080621, 0.081526, 0.081983, 0.081983, 0.081526, 0.080621, 0.079281, 0.077529, 0.075393, 0.072907, 0.070111, 0.067047, 0.063759, 0.060295, 0.056701, 0.053025, 0.049311, 0.045602, 0.041937, 0.038352, 0.034878, 0.031542, 0.028366, 0.025369, 0.022562, 0.019953, 0.017549, 0.015348, 0.013348, 0.011545, 0.009930, 0.008493, 0.007224, 0.006110, 0.005139, 0.004299, 0.003576, 0.002958, 0.002433, 0.001991, 0.001620, 0.001311, 0.001056, 0.000846, 0.000675, 0.000537, 0.000427, 0.000340, 0.000272, 0.000222, 0.000186, 0.000163, 0.000152
0.000123, 0.000133, 0.000151, 0.000181, 0.000222, 0.000277, 0.000347, 0.000437, 0.000550, 0.000689, 0.000860, 0.001068, 0.001320, 0.001622, 0.001982, 0.002410, 0.002913, 0.003502, 0.004186, 0.004977, 0.005884, 0.006918, 0.008088, 0.009404, 0.010873, 0.012502, 0.014295, 0.016254, 0.018378, 0.020665, 0.023107, 0.025694, 0.028411, 0.031241, 0.034161, 0.037146, 0.040168, 0.043193, 0.046188, 0.049115, 0.051937, 0.054615, 0.057111, 0.059389, 0.061414, 0.063153, 0.064581, 0.065672, 0.066410, 0.066782, 0.066782, 0.066410, 0.065672, 0.064581, 0.063154, 0.061414, 0.059389, 0.057112, 0.054615, 0.051937, 0.049115, 0.046188, 0.043194, 0.040168, 0.037147, 0.034161, 0.031241, 0.028411, 0.025694, 0.023107, 0.020665, 0.018378, 0.016254, 0.014295, 0.012502, 0.010873, 0.009404, 0.008089, 0.006918, 0.005884, 0.004977, 0.004186, 0.003502, 0.002913, 0.002410, 0.001982, 0.001622, 0.001320, 0.001068, 0.000860, 0.000689, 0.000550, 0.000437, 0.000347, 0.000277, 0.000222, 0.000181, 0.000151, 0.000133, 0.000123
0.000100, 0.000107, 0.000123, 0.000146, 0.000180, 0.000224, 0.000281, 0.000354, 0.000445, 0.000558, 0.000696, 0.000865, 0.001068, 0.001313, 0.001605, 0.001951, 0.002358, 0.002835, 0.003390, 0.004030, 0.004764, 0.005601, 0.006549, 0.007614, 0.008804, 0.010123, 0.011574, 0.013160, 0.014880, 0.016732, 0.018709, 0.020803, 0.023004, 0.025295, 0.027659, 0.030077, 0.032523, 0.034973, 0.037397, 0.039767, 0.042052, 0.044220, 0.046242, 0.048086, 0.049725, 0.051134, 0.052289, 0.053173, 0.053771, 0.054072, 0.054072, 0.053771, 0.053173, 0.052289, 0.051134, 0.049725, 0.048086, 0.046242, 0.044221, 0.042052, 0.039767, 0.037397, 0.034973, 0.032523, 0.030077, 0.027659, 0.025295, 0.023004, 0.020804, 0.018709, 0.016732, 0.014881, 0.013160, 0.011574, 0.010123, 0.008804, 0.007615, 0.006549, 0.005601, 0.004764, 0.004030, 0.003390, 0.002835, 0.002358, 0.001951, 0.001605, 0.001313, 0.001069, 0.000865, 0.000696, 0.000558, 0.000445, 0.000354, 0.000281, 0.000224, 0.000180, 0.000146, 0.000123, 0.000107, 0.000100
0.000080, 0.000086, 0.000099, 0.000118, 0.000145, 0.000180, 0.000226, 0.000285, 0.000358, 0.000449, 0.000560, 0.000696, 0.000860, 0.001057, 0.001292, 0.001570, 0.001898, 0.002282, 0.002728, 0.003243, 0.003834, 0.004508, 0.005271, 0.006128, 0.007085, 0.008147, 0.009315, 0.010591, 0.011976, 0.013466, 0.015057, 0.016743, 0.018513, 0.020357, 0.022260, 0.024206, 0.026175, 0.028146, 0.030098, 0.032005, 0.033844, 0.035589, 0.037216, 0.038700, 0.040019, 0.041153, 0.042083, 0.042794, 0.043275, 0.043517, 0.043517, 0.043275, 0.042794, 0.042083, 0.041153, 0.040019, 0.038700, 0.037216, 0.035589, 0.033844, 0.032005, 0.030098, 0.028146, 0.026175, 0.024206, 0.022260, 0.020357, 0.018513, 0.016743, 0.015057, 0.013466, 0.011976, 0.010592, 0.009315, 0.008147, 0.007086, 0.006128, 0.005271, 0.004508, 0.003834, 0.003243, 0.002728, 0.002282, 0.001898, 0.001570, 0.001292, 0.001057, 0.000860, 0.000696, 0.000560, 0.000449, 0.000358, 0.000285, 0.000226, 0.000180, 0.000145, 0.000118, 0.000099, 0.000086, 0.000080
0.000064, 0.000069, 0.000079, 0.000094, 0.000116, 0.000144, 0.000181, 0.000228, 0.000287, 0.000359, 0.000448, 0.000557, 0.000688, 0.000845, 0.001033, 0.001256, 0.001518, 0.001825, 0.002182, 0.002595, 0.003067, 0.003606, 0.004217, 0.004902, 0.005668, 0.006517, 0.007452, 0.008473, 0.009581, 0.010773, 0.012046, 0.013394, 0.014810, 0.016286, 0.017808, 0.019364, 0.020939, 0.022517, 0.024078, 0.025604, 0.027075, 0.028471, 0.029772, 0.030959, 0.032015, 0.032922, 0.033666, 0.034235, 0.034619, 0.034813, 0.034813, 0.034619, 0.034235, 0.033666, 0.032922, 0.032015, 0.030959, 0.029772, 0.028471, 0.027075, 0.025604, 0.024078, 0.022517, 0.020940, 0.019364, 0.017808, 0.016286, 0.014811, 0.013394, 0.012046, 0.010773, 0.009581, 0.008473, 0.007452, 0.006517, 0.005668, 0.004903, 0.004217, 0.003606, 0.003067, 0.002595, 0.002182, 0.001825, 0.001518, 0.001256, 0.001033, 0.000845, 0.000688, 0.000557, 0.000448, 0.000359, 0.000287, 0.000228, 0.000181, 0.000144, 0.000116, 0.000094, 0.000079, 0.000069, 0.000064
0.000051, 0.000055, 0.000063, 0.000075, 0.000092, 0.000115, 0.000144, 0.000181, 0.000228, 0.000286, 0.000357, 0.000443, 0.000547, 0.000672, 0.000822, 0.000999, 0.001208, 0.001452, 0.001736, 0.002063, 0.002439, 0.002868, 0.003353, 0.003899, 0.004508, 0.005183, 0.005926, 0.006738, 0.007619, 0.008567, 0.009579, 0.010652, 0.011778, 0.012951, 0.014162, 0.015399, 0.016652, 0.017906, 0.019148, 0.020361, 0.021531, 0.022641, 0.023676, 0.024620, 0.025460, 0.026181, 0.026773, 0.027225, 0.027531, 0.027685, 0.027685, 0.027531, 0.027225, 0.026773, 0.026181, 0.025460, 0.024620, 0.023676, 0.022641, 0.021531, 0.020361, 0.019148, 0.017906, 0.016652, 0.015400, 0.014162, 0.012951, 0.011778, 0.010652, 0.009579, 0.008567, 0.007619, 0.006738, 0.005926, 0.005183, 0.004508, 0.003899, 0.003353, 0.002868, 0.002439, 0.002063, 0.001736, 0.001452, 0.001208, 0.000999, 0.000822, 0.000672, 0.000547, 0.000443, 0.000357, 0.000286, 0.000228, 0.000181, 0.000144, 0.000115, 0.000092, 0.000075, 0.000063, 0.000055, 0.000051
0.000040, 0.000043, 0.000050, 0.000059, 0.000073, 0.000091, 0.000114, 0.000143, 0.000180, 0.000226, 0.000282, 0.000350, 0.000433, 0.000532, 0.000650, 0.000790, 0.000955, 0.001148, 0.001372, 0.001631, 0.001929, 0.002268, 0.002651, 0.003082, 0.003564, 0.004098, 0.004685, 0.005327, 0.006024, 0.006773, 0.007574, 0.008422, 0.009312, 0.010240, 0.011197, 0.012175, 0.013166, 0.014157, 0.015139, 0.016098, 0.017023, 0.017901, 0.018719, 0.019466, 0.020129, 0.020700, 0.021167, 0.021525, 0.021767, 0.021889, 0.021889, 0.021767, 0.021525, 0.021167, 0.020700, 0.020129, 0.019466, 0.018719, 0.017901, 0.017023, 0.016098, 0.015139, 0.014157, 0.013166, 0.012175, 0.011197, 0.010240, 0.009312, 0.008422, 0.007574, 0.006773, 0.006024, 0.005328, 0.004685, 0.004098, 0.003564, 0.003082, 0.002651, 0.002268, 0.001929, 0.001631, 0.001372, 0.001148, 0.000955, 0.000790, 0.000650, 0.000532, 0.000433, 0.000350, 0.000282, 0.000226, 0.000180, 0.000143, 0.000114, 0.000091, 0.000073, 0.000059, 0.000050, 0.000043, 0.000040
0.000032, 0.000034, 0.000039, 0.000047, 0.000057, 0.000071, 0.000090, 0.000113, 0.000142, 0.000178, 0.000222, 0.000275, 0.000340, 0.000418, 0.000511, 0.000621, 0.000751, 0.000902, 0.001079, 0.001283, 0.001516, 0.001783, 0.002084, 0.002424, 0.002802, 0.003222, 0.003684, 0.004189, 0.004736, 0.005326, 0.005955, 0.006621, 0.007322, 0.008051, 0.008804, 0.009573, 0.010352, 0.011131, 0.011903, 0.012657, 0.013384, 0.014075, 0.014718, 0.015305, 0.015827, 0.016275, 0.016643, 0.016924, 0.017114, 0.017210, 0.017210, 0.017114, 0.016924, 0.016643, 0.016275, 0.015827, 0.015305, 0.014718, 0.014075, 0.013385, 0.012657, 0.011903, 0.011131, 0.010352, 0.009573, 0.008804, 0.008051, 0.007322, 0.006621, 0.005955, 0.005326, 0.004736, 0.004189, 0.003684, 0.003222, 0.002802, 0.002424, 0.002085, 0.001783, 0.001516, 0.001283, 0.001079, 0.000902, 0.000751, 0.000621, 0.000511, 0.000418, 0.000340, 0.000275, 0.000222, 0.000178, 0.000142, 0.000113, 0.000090, 0.000071, 0.000057, 0.000047, 0.000039, 0.000034, 0.000032
0.000025, 0.000027, 0.000031, 0.000036, 0.000045, 0.000056, 0.000070, 0.000088, 0.000111, 0.000139, 0.000173, 0.000215, 0.000266, 0.000327, 0.000400, 0.000486, 0.000587, 0.000706, 0.000844, 0.001003, 0.001186, 0.001395, 0.001631, 0.001896, 0.002192, 0.002520, 0.002882, 0.003277, 0.003705, 0.004166, 0.004658, 0.005180, 0.005727, 0.006298, 0.006887, 0.007488, 0.008098, 0.008708, 0.009311, 0.009901, 0.010470, 0.011010, 0.011513, 0.011972, 0.012381, 0.012731, 0.013019, 0.013239, 0.013388, 0.013463, 0.013463, 0.013388, 0.013239, 0.013019, 0.012731, 0.012381, 0.011972, 0.011513, 0.011010, 0.010470, 0.009901, 0.009311, 0.008708, 0.008098, 0.007489, 0.006887, 0.006298, 0.005727, 0.005180, 0.004658, 0.004166, 0.003705, 0.003277, 0.002882, 0.002520, 0.002192, 0.001896, 0.001631, 0.001395, 0.001186, 0.001003, 0.000844, 0.000706, 0.000587, 0.000486, 0.000400, 0.000327, 0.000266, 0.000215, 0.000173, 0.000139, 0.000111, 0.000088, 0.000070, 0.000056, 0.000045, 0.000036, 0.000031, 0.000027, 0.000025
0.000019, 0.000021, 0.000024, 0.000028, 0.000035, 0.000043, 0.000055, 0.000069, 0.000086, 0.000108, 0.000135, 0.000168, 0.000207, 0.000255, 0.000311, 0.000378, 0.000457, 0.000550, 0.000657, 0.000782, 0.000924, 0.001086, 0.001270, 0.001477, 0.001708, 0.001963, 0.002245, 0.002553, 0.002886, 0.003245, 0.003629, 0.004035, 0.004462, 0.004906, 0.005365, 0.005834, 0.006308, 0.006783, 0.007254, 0.007713, 0.008157, 0.008577, 0.008969, 0.009327, 0.009645, 0.009918, 0.010142, 0.010314, 0.010429, 0.010488, 0.010488, 0.010429, 0.010314, 0.010142, 0.009918, 0.009645, 0.009327, 0.008969, 0.008577, 0.008157, 0.007713, 0.007254, 0.006783, 0.006308, 0.005834, 0.005365, 0.004906, 0.004462, 0.004035, 0.003629, 0.003245, 0.002886, 0.002553, 0.002245, 0.001963, 0.001708, 0.001477, 0.001270, 0.001086, 0.000924, 0.000782, 0.000657, 0.000550, 0.000457, 0.000378, 0.000311, 0.000255, 0.000207, 0.000168, 0.000135, 0.000108, 0.000086, 0.000069, 0.000055, 0.000043, 0.000035, 0.000028, 0.000024, 0.000021, 0.000019
0.000015, 0.000016, 0.000018, 0.000022, 0.000027, 0.000034, 0.000042, 0.000053, 0.000067, 0.000084, 0.000105, 0.000130, 0.000161, 0.000198, 0.000242, 0.000294, 0.000356, 0.000427, 0.000511, 0.000607, 0.000718, 0.000844, 0.000987, 0.001148, 0.001327, 0.001526, 0.001745, 0.001984, 0.002243, 0.002522, 0.002820, 0.003136, 0.003468, 0.003813, 0.004169, 0.004534, 0.004903, 0.005272, 0.005637, 0.005995, 0.006339, 0.006666, 0.006971, 0.007249, 0.007496, 0.007708, 0.007882, 0.008015, 0.008105, 0.008151, 0.008151, 0.008105, 0.008015, 0.007882, 0.007708, 0.007496, 0.007249, 0.006971, 0.006666, 0.006339, 0.005995, 0.005637, 0.005272, 0.004903, 0.004534, 0.004169, 0.003813, 0.003468, 0.003136, 0.002820, 0.002522, 0.002243, 0.001984, 0.001745, 0.001526, 0.001327, 0.001148, 0.000987, 0.000844, 0.000718, 0.000607, 0.000511, 0.000427, 0.000356, 0.000294, 0.000242, 0.000198, 0.000161, 0.000130, 0.000105, 0.000084, 0.000067, 0.000053, 0.000042, 0.000034, 0.000027, 0.000022, 0.000018, 0.000016, 0.000015
0.000012, 0.000013, 0.000014, 0.000017, 0.000021, 0.000026, 0.000033, 0.000042, 0.000052, 0.000065, 0.000082, 0.000101, 0.000125, 0.000154, 0.000188, 0.000229, 0.000277, 0.000332, 0.000397, 0.000473, 0.000559, 0.000657, 0.000768, 0.000893, 0.001032, 0.001187, 0.001357, 0.001543, 0.001745, 0.001962, 0.002194, 0.002439, 0.002697, 0.002966, 0.003243, 0.003527, 0.003813, 0.004101, 0.004385, 0.004663, 0.004931, 0.005185, 0.005422, 0.005638, 0.005830, 0.005996, 0.006131, 0.006235, 0.006305, 0.006340, 0.006340, 0.006305, 0.006235, 0.006131, 0.005996, 0.005830, 0.005638, 0.005422, 0.005185, 0.004931, 0.004663, 0.004385, 0.004101, 0.003813, 0.003527, 0.003243, 0.002966, 0.002697, 0.002439, 0.002194, 0.001962, 0.001745, 0.001543, 0.001357, 0.001187, 0.001032, 0.000893, 0.000768, 0.000657, 0.000559, 0.000473, 0.000397, 0.000332, 0.000277, 0.000229, 0.000188, 0.000154, 0.000125, 0.000101, 0.000082, 0.000065, 0.000052, 0.000042, 0.000033, 0.000026, 0.000021, 0.000017, 0.000014, 0.000013, 0.000012
0.000009, 0.000010, 0.000011, 0.000013, 0.000016, 0.000021, 0.000026, 0.000033, 0.000041, 0.000051, 0.000064, 0.000079, 0.000098, 0.000121, 0.000147, 0.000179, 0.000217, 0.000260, 0.000311, 0.000370, 0.000437, 0.000514, 0.000601, 0.000699, 0.000808, 0.000929, 0.001063, 0.001208, 0.001366, 0.001536, 0.001718, 0.001910, 0.002112, 0.002322, 0.002540, 0.002761, 0.002986, 0.003211, 0.003434, 0.003651, 0.003861, 0.004060, 0.004246, 0.004415, 0.004566, 0.004695, 0.004801, 0.004882, 0.004937, 0.004965, 0.004965, 0.004937, 0.004882, 0.004801, 0.004695, 0.004566, 0.004415, 0.004246, 0.004060, 0.003861, 0.003651, 0.003434, 0.003211, 0.002986, 0.002761, 0.002540, 0.002322, 0.002112, 0.001910, 0.001718, 0.001536, 0.001366, 0.001208, 0.001063, 0.000929, 0.000808, 0.000699, 0.000601, 0.000514, 0.000437, 0.000370, 0.000311, 0.000260, 0.000217, 0.000179, 0.000147, 0.000121, 0.000098, 0.000079, 0.000064, 0.000051, 0.000041, 0.000033, 0.000026, 0.000021, 0.000016, 0.000013, 0.000011, 0.000010, 0.000009
0.000007, 0.000008, 0.000009, 0.000011, 0.000013, 0.000016, 0.000021, 0.000026, 0.000033, 0.000041, 0.000051, 0.000063, 0.000078, 0.000096, 0.000117, 0.000143, 0.000172, 0.000207, 0.000248, 0.000295, 0.000348, 0.000409, 0.000479, 0.000557, 0.000643, 0.000740, 0.000846, 0.000962, 0.001088, 0.001223, 0.001367, 0.001521, 0.001681, 0.001849, 0.002022, 0.002198, 0.002377, 0.002556, 0.002733, 0.002907, 0.003074, 0.003232, 0.003380, 0.003515, 0.003635, 0.003738, 0.003822, 0.003887, 0.003930, 0.003952, 0.003952, 0.003930, 0.003887, 0.003822, 0.003738, 0.003635, 0.003515, 0.003380, 0.003232, 0.003074, 0.002907, 0.002733, 0.002556, 0.002377, 0.002198, 0.002022, 0.001849, 0.001681, 0.001521, 0.001367, 0.001223, 0.001088, 0.000962, 0.000846, 0.000740, 0.000643, 0.000557, 0.000479, 0.000409, 0.000348, 0.000295, 0.000248, 0.000207, 0.000172, 0.000143, 0.000117, 0.000096, 0.000078, 0.000063, 0.000051, 0.000041, 0.000033, 0.000026, 0.000021, 0.000016, 0.000013, 0.000011, 0.000009, 0.000008, 0.000007
0.000006, 0.000006, 0.000007, 0.000009, 0.000011, 0.000013, 0.000017, 0.000021, 0.000027, 0.000034, 0.000042, 0.000052, 0.000064, 0.000079, 0.000096, 0.000117, 0.000142, 0.000170, 0.000204, 0.000242, 0.000286, 0.000336, 0.000393, 0.000457, 0.000529, 0.000608, 0.000695, 0.000790, 0.000894, 0.001005, 0.001124, 0.001249, 0.001382, 0.001519, 0.001661, 0.001806, 0.001953, 0.002101, 0.002246, 0.002389, 0.002526, 0.002656, 0.002777, 0.002888, 0.002987, 0.003071, 0.003141, 0.003194, 0.003230, 0.003248, 0.003248, 0.003230, 0.003194, 0.003141, 0.003071, 0.002987, 0.002888, 0.002777, 0.002656, 0.002526, 0.002389, 0.002246, 0.002101, 0.001953, 0.001806, 0.001661, 0.001519, 0.001382, 0.001249, 0.001124, 0.001005, 0.000894, 0.000790, 0.000695, 0.000608, 0.000529, 0.000457, 0.000393, 0.000336, 0.000286, 0.000242, 0.000204, 0.000170, 0.000142, 0.000117, 0.000096, 0.000079, 0.000064, 0.000052, 0.000042, 0.000034, 0.000027, 0.000021, 0.000017, 0.000013, 0.000011, 0.000009, 0.000007, 0.000006, 0.000006
0.000005, 0.000006, 0.000006, 0.000008, 0.000009, 0.000012, 0.000015, 0.000018, 0.000023, 0.000029, 0.000036, 0.000045, 0.000056, 0.000068, 0.000083, 0.000101, 0.000123, 0.000147, 0.000176, 0.000209, 0.000248, 0.000291, 0.000340, 0.000396, 0.000458, 0.000526, 0.000602, 0.000684, 0.000774, 0.000870, 0.000973, 0.001082, 0.001196, 0.001315, 0.001438, 0.001564, 0.001691, 0.001818, 0.001945, 0.002068, 0.002187, 0.002299, 0.002404, 0.002500, 0.002586, 0.002659, 0.002719, 0.002765, 0.002796, 0.002812, 0.002812, 0.002796, 0.002765, 0.002719, 0.002659, 0.002586, 0.002500, 0.002404, 0.002299, 0.002187, 0.002068, 0.001945, 0.001818, 0.001691, 0.001564, 0.001438, 0.001315, 0.001196, 0.001082, 0.000973, 0.000870, 0.000774, 0.000684, 0.000602, 0.000526, 0.000458, 0.000396, 0.000340, 0.000291, 0.000248, 0.000209, 0.000176, 0.000147, 0.000123, 0.000101, 0.000083, 0.000068, 0.000056, 0.000045, 0.000036, 0.000029, 0.000023, 0.000018, 0.000015, 0.000012, 0.000009, 0.000008, 0.000006, 0.000006, 0.000005
0.000005, 0.000005, 0.000006, 0.000007, 0.000009, 0.000011, 0.000014, 0.000017, 0.000022, 0.000027, 0.000034, 0.000042, 0.000052, 0.000064, 0.000078, 0.000094, 0.000114, 0.000137, 0.000164, 0.000195, 0.000231, 0.000271, 0.000317, 0.000369, 0.000426, 0.000490, 0.000560, 0.000637, 0.000720, 0.000810, 0.000906, 0.001007, 0.001114, 0.001225, 0.001339, 0.001456, 0.001575, 0.001694, 0.001811, 0.001926, 0.002036, 0.002141, 0.002239, 0.002329, 0.002408, 0.002476, 0.002532, 0.002575, 0.002604, 0.002619, 0.002619, 0.002604, 0.002575, 0.002532, 0.002476, 0.002408, 0.002329, 0.002239, 0.002141, 0.002036, 0.001926, 0.001811, 0.001694, 0.001575, 0.001456, 0.001339, 0.001225, 0.001114, 0.001007, 0.000906, 0.000810, 0.000720, 0.000637, 0.000560, 0.000490, 0.000426, 0.000369, 0.000317, 0.000271, 0.000231, 0.000195, 0.000164, 0.000137, 0.000114, 0.000094, 0.000078, 0.000064, 0.000052, 0.000042, 0.000034, 0.000027, 0.000022, 0.000017, 0.000014, 0.000011, 0.000009, 0.000007, 0.000006, 0.000005, 0.000005
0.000005, 0.000005, 0.000006, 0.000007, 0.000009, 0.000011, 0.000014, 0.000017, 0.000022, 0.000027, 0.000034, 0.000042, 0.000052, 0.000064, 0.000079, 0.000096, 0.000116, 0.000139, 0.000166, 0.000198, 0.000234, 0.000275, 0.000322, 0.000374, 0.000432, 0.000497, 0.000569, 0.000646, 0.000731, 0.000822, 0.000919, 0.001022, 0.001130, 0.001243, 0.001359, 0.001478, 0.001598, 0.001718, 0.001837, 0.001954, 0.002066, 0.002173, 0.002272, 0.002363, 0.002443, 0.002513, 0.002569, 0.002613, 0.002642, 0.002657, 0.002657, 0.002642, 0.002613, 0.002569, 0.002513, 0.002443, 0.002363, 0.002272, 0.002173, 0.002066, 0.001954, 0.001837, 0.001718, 0.001598, 0.001478, 0.001359, 0.001243, 0.001130, 0.001022, 0.000919, 0.000822, 0.000731, 0.000646, 0.000569, 0.000497, 0.000432, 0.000374, 0.000322, 0.000275, 0.000234, 0.000198, 0.000166, 0.000139, 0.000116, 0.000096, 0.000079, 0.000064, 0.000052, 0.000042, 0.000034, 0.000027, 0.000022, 0.000017, 0.000014, 0.000011, 0.000009, 0.000007, 0.000006, 0.000005, 0.000005
0.000005, 0.000006, 0.000007, 0.000008, 0.000010, 0.000012, 0.000015, 0.000019, 0.000024, 0.000030, 0.000038, 0.000047, 0.000058, 0.000071, 0.000087, 0.000106, 0.000128, 0.000153, 0.000183, 0.000218, 0.000258, 0.000303, 0.000354, 0.000412, 0.000477, 0.000548, 0.000627, 0.000712, 0.000806, 0.000906, 0.001013, 0.001126, 0.001245, 0.001370, 0.001498, 0.001629, 0.001761, 0.001894, 0.002025, 0.002154, 0.002277, 0.002395, 0.002504, 0.002604, 0.002693, 0.002769, 0.002832, 0.002880, 0.002912, 0.002928, 0.002928, 0.002912, 0.002880, 0.002832, 0.002769, 0.002693, 0.002604, 0.002504, 0.002395, 0.002277, 0.002154, 0.002025, 0.001894, 0.001761, 0.001629, 0.001498, 0.001370, 0.001246, 0.001126, 0.001013, 0.000906, 0.000806, 0.000712, 0.000627, 0.000548, 0.000477, 0.000412, 0.000354, 0.000303, 0.000258, 0.000218, 0.000183, 0.000153, 0.000128, 0.000106, 0.000087, 0.000071, 0.000058, 0.000047, 0.000038, 0.000030, 0.000024, 0.000019, 0.000015, 0.000012, 0.000010, 0.000008, 0.000007, 0.000006, 0.000005
0.000006, 0.000007, 0.000008, 0.000009, 0.000011, 0.000014, 0.000018, 0.000023, 0.000028, 0.000036, 0.000044, 0.000055, 0.000068, 0.000084, 0.000102, 0.000124, 0.000150, 0.000181, 0.000216, 0.000257, 0.000304, 0.000357, 0.000417, 0.000485, 0.000561, 0.000645, 0.000738, 0.000839, 0.000948, 0.001066, 0.001192, 0.001326, 0.001466, 0.001612, 0.001763, 0.001917, 0.002073, 0.002229, 0.002384, 0.002535, 0.002681, 0.002819, 0.002948, 0.003066, 0.003170, 0.003260, 0.003334, 0.003390, 0.003428, 0.003447, 0.003447, 0.003428, 0.003390, 0.003334, 0.003260, 0.003170, 0.003066, 0.002948, 0.002819, 0.002681, 0.002535, 0.002384, 0.002229, 0.002073, 0.001917, 0.001763, 0.001612, 0.001466, 0.001326, 0.001192, 0.001066, 0.000948, 0.000839, 0.000738, 0.000645, 0.000561, 0.000485, 0.000417, 0.000357, 0.000304, 0.000257, 0.000216, 0.000181, 0.000150, 0.000124, 0.000102, 0.000084, 0.000068, 0.000055, 0.000044, 0.000036, 0.000028, 0.000023, 0.000018, 0.000014, 0.000011, 0.000009, 0.000008, 0.000007, 0.000006
0.000008, 0.000008, 0.000010, 0.000011, 0.000014, 0.000018, 0.000022, 0.000028, 0.000035, 0.000044, 0.000055, 0.000068, 0.000084, 0.000103, 0.000126, 0.000153, 0.000185, 0.000222, 0.000266, 0.000316, 0.000373, 0.000439, 0.000513, 0.000597, 0.000690, 0.000794, 0.000908, 0.001032, 0.001167, 0.001312, 0.001467, 0.001632, 0.001804, 0.001984, 0.002170, 0.002359, 0.002551, 0.002743, 0.002934, 0.003120, 0.003299, 0.003469, 0.003628, 0.003773, 0.003901, 0.004012, 0.004103, 0.004172, 0.004219, 0.004242, 0.004242, 0.004219, 0.004172, 0.004103, 0.004012, 0.003901, 0.003773, 0.003628, 0.003469, 0.003299, 0.003120, 0.002934, 0.002743, 0.002551, 0.002359, 0.002170, 0.001984, 0.001804, 0.001632, 0.001467, 0.001312, 0.001167, 0.001032, 0.000908, 0.000794, 0.000690, 0.000597, 0.000513, 0.000439, 0.000373, 0.000316, 0.000266, 0.000222, 0.000185, 0.000153, 0.000126, 0.000103, 0.000084, 0.000068, 0.000055, 0.000044, 0.000035, 0.000028, 0.000022, 0.000018, 0.000014, 0.000011, 0.000010, 0.000008, 0.000008
0.000010, 0.000011, 0.000012, 0.000014, 0.000018, 0.000022, 0.000028, 0.000035, 0.000044, 0.000055, 0.000069, 0.000086, 0.000106, 0.000130, 0.000159, 0.000193, 0.000233, 0.000281, 0.000335, 0.000399, 0.000471, 0.000554, 0.000648, 0.000754, 0.000871, 0.001002, 0.001146, 0.001303, 0.001473, 0.001657, 0.001852, 0.002060, 0.002278, 0.002505, 0.002739, 0.002978, 0.003221, 0.003464, 0.003704, 0.003939, 0.004165, 0.004380, 0.004580, 0.004763, 0.004925, 0.005065, 0.005179, 0.005267, 0.005326, 0.005356, 0.005356, 0.005326, 0.005267, 0.005179, 0.005065, 0.004925, 0.004763, 0.004580, 0.004380, 0.004165, 0.003939, 0.003704, 0.003464, 0.003221, 0.002978, 0.002739, 0.002505, 0.002278, 0.002060, 0.001852, 0.001657, 0.001473, 0.001303, 0.001146, 0.001002, 0.000871, 0.000754, 0.000648, 0.000554, 0.000471, 0.000399, 0.000335, 0.000281, 0.000233, 0.000193, 0.000159, 0.000130, 0.000106, 0.000086, 0.000069, 0.000055, 0.000044, 0.000035, 0.000028, 0.000022, 0.000018, 0.000014, 0.000012, 0.000011, 0.000010
0.000013, 0.000014, 0.000015, 0.000018, 0.000023, 0.000028, 0.000036, 0.000045, 0.000056, 0.000071, 0.000088, 0.000109, 0.000135, 0.000166, 0.000203, 0.000247, 0.000298, 0.000359, 0.000429, 0.000510, 0.000603, 0.000709, 0.000829, 0.000963, 0.001114, 0.001281, 0.001465, 0.001665, 0.001883, 0.002117, 0.002368, 0.002633, 0.002912, 0.003202, 0.003501, 0.003807, 0.004117, 0.004427, 0.004734, 0.005034, 0.005324, 0.005598, 0.005854, 0.006088, 0.006295, 0.006474, 0.006620, 0.006732, 0.006808, 0.006846, 0.006846, 0.006808, 0.006732, 0.006620, 0.006474, 0.006295, 0.006088, 0.005854, 0.005598, 0.005324, 0.005034, 0.004734, 0.004427, 0.004117, 0.003807, 0.003501, 0.003202, 0.002912, 0.002633, 0.002368, 0.002117, 0.001883, 0.001665, 0.001465, 0.001281, 0.001114, 0.000963, 0.000829, 0.000709, 0.000603, 0.000510, 0.000429, 0.000359, 0.000298, 0.000247, 0.000203, 0.000166, 0.000135, 0.000109, 0.000088, 0.000071, 0.000056, 0.000045, 0.000036, 0.000028, 0.000023, 0.000018, 0.000015, 0.000014, 0.000013
0.000016, 0.000017, 0.000020, 0.000024, 0.000029, 0.000036, 0.000046, 0.000057, 0.000072, 0.000091, 0.000113, 0.000140, 0.000173, 0.000213, 0.000261, 0.000317, 0.000383, 0.000460, 0.000550, 0.000654, 0.000774, 0.000910, 0.001064, 0.001237, 0.001430, 0.001644, 0.001880, 0.002138, 0.002417, 0.002718, 0.003039, 0.003380, 0.003737, 0.004110, 0.004494, 0.004887, 0.005285, 0.005683, 0.006077, 0.006462, 0.006834, 0.007186, 0.007515, 0.007814, 0.008081, 0.008310, 0.008498, 0.008642, 0.008739, 0.008788, 0.008788, 0.008739, 0.008642, 0.008498, 0.008310, 0.008081, 0.007815, 0.007515, 0.007186, 0.006834, 0.006462, 0.006077, 0.005683, 0.005285, 0.004887, 0.004494, 0.004110, 0.003737, 0.003380, 0.003039, 0.002718, 0.002417, 0.002138, 0.001880, 0.001644, 0.001430, 0.001237, 0.001064, 0.000910, 0.000774, 0.000654, 0.000550, 0.000460, 0.000383, 0.000317, 0.000261, 0.000213, 0.000173, 0.000140, 0.000113, 0.000091, 0.000072, 0.000057, 0.000046, 0.000036, 0.000029, 0.000024, 0.000020, 0.000017, 0.000016
0.000021, 0.000022, 0.000025, 0.000030, 0.000037, 0.000047, 0.000059, 0.000074, 0.000093, 0.000116, 0.000145, 0.000180, 0.000222, 0.000273, 0.000334, 0.000406, 0.000491, 0.000591, 0.000706, 0.000839, 0.000993, 0.001167, 0.001365, 0.001587, 0.001835, 0.002109, 0.002412, 0.002743, 0.003101, 0.003487, 0.003900, 0.004336, 0.004795, 0.005273, 0.005766, 0.006270, 0.006780, 0.007291, 0.007797, 0.008291, 0.008768, 0.009220, 0.009641, 0.010026, 0.010368, 0.010662, 0.010903, 0.011087, 0.011212, 0.011275, 0.011275, 0.011212, 0.011087, 0.010903, 0.010662, 0.010368, 0.010026, 0.009641, 0.009220, 0.008768, 0.008291, 0.007797, 0.007291, 0.006780, 0.006270, 0.005766, 0.005273, 0.004795, 0.004336, 0.003900, 0.003487, 0.003101, 0.002743, 0.002412, 0.002109, 0.001835, 0.001587, 0.001365, 0.001167, 0.000993, 0.000839, 0.000706, 0.000591, 0.000491, 0.000406, 0.000334, 0.000273, 0.000222, 0.000180, 0.000145, 0.000116, 0.000093, 0.000074, 0.000059, 0.000047, 0.000037, 0.000030, 0.000025, 0.000022, 0.000021
0.000027, 0.000029, 0.000033, 0.000039, 0.000048, 0.000060, 0.000075, 0.000094, 0.000119, 0.000149, 0.000185, 0.000230, 0.000285, 0.000350, 0.000428, 0.000520, 0.000628, 0.000755, 0.000903, 0.001074, 0.001270, 0.001493, 0.001745, 0.002029, 0.002347, 0.002698, 0.003085, 0.003508, 0.003967, 0.004461, 0.004988, 0.005547, 0.006133, 0.006744, 0.007375, 0.008020, 0.008673, 0.009326, 0.009973, 0.010605, 0.011215, 0.011793, 0.012332, 0.012824, 0.013262, 0.013637, 0.013946, 0.014182, 0.014341, 0.014421, 0.014421, 0.014341, 0.014182, 0.013946, 0.013638, 0.013262, 0.012824, 0.012332, 0.011793, 0.011215, 0.010605, 0.009973, 0.009326, 0.008673, 0.008020, 0.007375, 0.006744, 0.006133, 0.005547, 0.004988, 0.004461, 0.003967, 0.003508, 0.003085, 0.002698, 0.002347, 0.002029, 0.001745, 0.001493, 0.001270, 0.001074, 0.000903, 0.000755, 0.000628, 0.000520, 0.000428, 0.000350, 0.000285, 0.000230, 0.000185, 0.000149, 0.000119, 0.000094, 0.000075, 0.000060, 0.000048, 0.000039, 0.000033, 0.000029, 0.000027
0.000034, 0.000036, 0.000042, 0.000050, 0.000061, 0.000076, 0.000095, 0.000120, 0.000151, 0.000189, 0.000236, 0.000293, 0.000362, 0.000445, 0.000544, 0.000662, 0.000800, 0.000962, 0.001150, 0.001367, 0.001617, 0.001901, 0.002223, 0.002584, 0.002988, 0.003436, 0.003929, 0.004467, 0.005052, 0.005680, 0.006352, 0.007063, 0.007810, 0.008589, 0.009392, 0.010213, 0.011044, 0.011876, 0.012700, 0.013505, 0.014281, 0.015018, 0.015704, 0.016331, 0.016888, 0.017366, 0.017759, 0.018059, 0.018262, 0.018365, 0.018365, 0.018262, 0.018059, 0.017759, 0.017366, 0.016888, 0.016331, 0.015704, 0.015018, 0.014281, 0.013505, 0.012700, 0.011876, 0.011044, 0.010213, 0.009392, 0.008589, 0.007810, 0.007063, 0.006352, 0.005680, 0.005052, 0.004467, 0.003929, 0.003436, 0.002988, 0.002584, 0.002223, 0.001901, 0.001617, 0.001367, 0.001150, 0.000962, 0.000800, 0.000662, 0.000544, 0.000445, 0.000362, 0.000293, 0.000236, 0.000189, 0.000151, 0.000120, 0.000095, 0.000076, 0.000061, 0.000050, 0.000042, 0.000036, 0.000034
0.000043, 0.000046, 0.000053, 0.000063, 0.000077, 0.000096, 0.000121, 0.000152, 0.000191, 0.000240, 0.000299, 0.000372, 0.000459, 0.000564, 0.000690, 0.000838, 0.001014, 0.001219, 0.001457, 0.001732, 0.002048, 0.002408, 0.002816, 0.003274, 0.003786, 0.004353, 0.004977, 0.005660, 0.006400, 0.007196, 0.008047, 0.008948, 0.009895, 0.010881, 0.011898, 0.012938, 0.013991, 0.015045, 0.016089, 0.017109, 0.018092, 0.019025, 0.019895, 0.020689, 0.021395, 0.022001, 0.022498, 0.022879, 0.023136, 0.023265, 0.023265, 0.023136, 0.022879, 0.022498, 0.022001, 0.021395, 0.020689, 0.019895, 0.019025, 0.018092, 0.017109, 0.016089, 0.015045, 0.013991, 0.012938, 0.011898, 0.010881, 0.009895, 0.008948, 0.008047, 0.007196, 0.006400, 0.005660, 0.004977, 0.004353, 0.003786, 0.003274, 0.002816, 0.002408, 0.002048, 0.001732, 0.001457, 0.001219, 0.001014, 0.000838, 0.000690, 0.000564, 0.000459, 0.000372, 0.000299, 0.000240, 0.000191, 0.000152, 0.000121, 0.000096, 0.000077, 0.000063, 0.000053, 0.000046, 0.000043
0.000054, 0.000058, 0.000066, 0.000079, 0.000097, 0.000121, 0.000152, 0.000192, 0.000241, 0.000302, 0.000377, 0.000468, 0.000578, 0.000711, 0.000869, 0.001056, 0.001277, 0.001535, 0.001836, 0.002183, 0.002581, 0.003034, 0.003548, 0.004125, 0.004770, 0.005484, 0.006271, 0.007131, 0.008063, 0.009067, 0.010138, 0.011274, 0.012466, 0.013709, 0.014990, 0.016301, 0.017627, 0.018956, 0.020270, 0.021555, 0.022794, 0.023970, 0.025066, 0.026066, 0.026955, 0.027719, 0.028345, 0.028825, 0.029149, 0.029312, 0.029312, 0.029149, 0.028825, 0.028345, 0.027719, 0.026955, 0.026066, 0.025066, 0.023970, 0.022794, 0.021555, 0.020270, 0.018956, 0.017628, 0.016301, 0.014991, 0.013709, 0.012466, 0.011274, 0.010138, 0.009067, 0.008063, 0.007131, 0.006271, 0.005484, 0.004770, 0.004125, 0.003548, 0.003034, 0.002581, 0.002183, 0.001836, 0.001535, 0.001277, 0.001056, 0.000869, 0.000711, 0.000578, 0.000468, 0.000377, 0.000302, 0.000241, 0.000192, 0.000152, 0.000121, 0.000097, 0.000079, 0.000066, 0.000058, 0.000054
