0.007681, 0.007988, 0.008608, 0.009556, 0.010850, 0.012519, 0.014594, 0.017117, 0.020133, 0.023693, 0.027853, 0.032677, 0.038228, 0.044577, 0.051793, 0.059950, 0.069120, 0.079372, 0.090774, 0.103387, 0.117265, 0.132454, 0.148987, 0.166884, 0.186150, 0.206771, 0.228716, 0.251931, 0.276340, 0.301843, 0.328320, 0.355622, 0.383579, 0.412000, 0.440672, 0.469362, 0.497823, 0.525795, 0.553010, 0.579193, 0.604070, 0.627373, 0.648840, 0.668227, 0.685304, 0.699868, 0.711742, 0.720780, 0.726869, 0.729933, 0.729933, 0.726869, 0.720781, 0.711743, 0.699869, 0.685305, 0.668228, 0.648842, 0.627374, 0.604072, 0.579194, 0.553011, 0.525797, 0.497825, 0.469363, 0.440673, 0.412002, 0.383581, 0.355623, 0.328321, 0.301845, 0.276341, 0.251932, 0.228717, 0.206772, 0.186151, 0.166885, 0.148988, 0.132455, 0.117266, 0.103388, 0.090775, 0.079373, 0.069121, 0.059951, 0.051794, 0.044577, 0.038228, 0.032677, 0.027854, 0.023693, 0.020133, 0.017118, 0.014595, 0.012519, 0.010850, 0.009556, 0.008608, 0.007988, 0.007681
0.008425, 0.008761, 0.009441, 0.010480, 0.011900, 0.013730, 0.016007, 0.018774, 0.022081, 0.025985, 0.030549, 0.035838, 0.041927, 0.048890, 0.056804, 0.065751, 0.075807, 0.087052, 0.099556, 0.113389, 0.128610, 0.145268, 0.163401, 0.183029, 0.204158, 0.226774, 0.250842, 0.276302, 0.303072, 0.331043, 0.360081, 0.390023, 0.420685, 0.451855, 0.483300, 0.514765, 0.545979, 0.576657, 0.606504, 0.635219, 0.662503, 0.688060, 0.711604, 0.732865, 0.751594, 0.767567, 0.780590, 0.790502, 0.797179, 0.800539, 0.800540, 0.797180, 0.790502, 0.780590, 0.767568, 0.751595, 0.732866, 0.711605, 0.688061, 0.662505, 0.635221, 0.606506, 0.576659, 0.545981, 0.514767, 0.483302, 0.451857, 0.420687, 0.390025, 0.360082, 0.331045, 0.303074, 0.276304, 0.250843, 0.226776, 0.204159, 0.183030, 0.163402, 0.145269, 0.128611, 0.113390, 0.099557, 0.087052, 0.075808, 0.065751, 0.056805, 0.048890, 0.041927, 0.035839, 0.030549, 0.025986, 0.022081, 0.018774, 0.016007, 0.013730, 0.011900, 0.010480, 0.009441, 0.008761, 0.008425
0.009196, 0.009564, 0.010306, 0.011440, 0.012990, 0.014987, 0.017473, 0.020493, 0.024103, 0.028365, 0.033346, 0.039120, 0.045766, 0.053366, 0.062006, 0.071771, 0.082749, 0.095022, 0.108672, 0.123771, 0.140386, 0.158569, 0.178360, 0.199786, 0.222849, 0.247536, 0.273807, 0.301598, 0.330819, 0.361350, 0.393046, 0.425730, 0.459198, 0.493222, 0.527545, 0.561890, 0.595961, 0.629447, 0.662026, 0.693370, 0.723151, 0.751047, 0.776747, 0.799954, 0.820397, 0.837832, 0.852047, 0.862866, 0.870155, 0.873823, 0.873823, 0.870155, 0.862867, 0.852048, 0.837833, 0.820399, 0.799955, 0.776748, 0.751049, 0.723153, 0.693372, 0.662028, 0.629449, 0.595963, 0.561892, 0.527547, 0.493224, 0.459200, 0.425732, 0.393048, 0.361352, 0.330821, 0.301600, 0.273809, 0.247538, 0.222851, 0.199787, 0.178362, 0.158570, 0.140387, 0.123772, 0.108673, 0.095023, 0.082749, 0.071772, 0.062006, 0.053367, 0.045767, 0.039121, 0.033346, 0.028365, 0.024103, 0.020493, 0.017473, 0.014988, 0.012990, 0.011440, 0.010306, 0.009564, 0.009196
0.009991, 0.010390, 0.011197, 0.012429, 0.014112, 0.016282, 0.018982, 0.022264, 0.026186, 0.030816, 0.036227, 0.042500, 0.049720, 0.057977, 0.067363, 0.077972, 0.089898, 0.103231, 0.118060, 0.134464, 0.152514, 0.172267, 0.193769, 0.217044, 0.242100, 0.268919, 0.297460, 0.327651, 0.359396, 0.392565, 0.426998, 0.462505, 0.498864, 0.535826, 0.573114, 0.610425, 0.647439, 0.683817, 0.719210, 0.753261, 0.785615, 0.815920, 0.843839, 0.869051, 0.891260, 0.910200, 0.925643, 0.937396, 0.945315, 0.949299, 0.949299, 0.945315, 0.937397, 0.925643, 0.910201, 0.891261, 0.869052, 0.843840, 0.815922, 0.785617, 0.753263, 0.719212, 0.683820, 0.647442, 0.610427, 0.573116, 0.535828, 0.498866, 0.462507, 0.427000, 0.392567, 0.359398, 0.327653, 0.297462, 0.268921, 0.242102, 0.217046, 0.193770, 0.172268, 0.152515, 0.134465, 0.118061, 0.103232, 0.089898, 0.077973, 0.067364, 0.057978, 0.049721, 0.042501, 0.036228, 0.030816, 0.026186, 0.022264, 0.018983, 0.016283, 0.014113, 0.012429, 0.011197, 0.010390, 0.009991
0.010803, 0.011235, 0.012107, 0.013439, 0.015259, 0.017606, 0.020525, 0.024073, 0.028314, 0.033320, 0.039171, 0.045954, 0.053760, 0.062688, 0.072836, 0.084307, 0.097202, 0.111619, 0.127652, 0.145388, 0.164904, 0.186262, 0.209510, 0.234677, 0.261768, 0.290766, 0.321625, 0.354269, 0.388592, 0.424455, 0.461685, 0.500076, 0.539388, 0.579352, 0.619669, 0.660011, 0.700031, 0.739365, 0.777632, 0.814449, 0.849430, 0.882196, 0.912383, 0.939642, 0.963655, 0.984134, 1.000831, 1.013539, 1.022101, 1.026409, 1.026409, 1.022101, 1.013540, 1.000832, 0.984135, 0.963657, 0.939644, 0.912384, 0.882198, 0.849432, 0.814451, 0.777634, 0.739367, 0.700034, 0.660014, 0.619671, 0.579355, 0.539391, 0.500078, 0.461687, 0.424457, 0.388594, 0.354271, 0.321627, 0.290768, 0.261770, 0.234679, 0.209512, 0.186263, 0.164905, 0.145390, 0.127653, 0.111620, 0.097202, 0.084308, 0.072837, 0.062688, 0.053761, 0.045954, 0.039171, 0.033320, 0.028314, 0.024073, 0.020525, 0.017606, 0.015259, 0.013439, 0.012107, 0.011235, 0.010803
0.011626, 0.012090, 0.013029, 0.014462, 0.016421, 0.018946, 0.022088, 0.025906, 0.030469, 0.035856, 0.042153, 0.049452, 0.057853, 0.067460, 0.078381, 0.090725, 0.104601, 0.120115, 0.137369, 0.156455, 0.177455, 0.200439, 0.225457, 0.252539, 0.281692, 0.312897, 0.346104, 0.381232, 0.418167, 0.456760, 0.496823, 0.538135, 0.580440, 0.623444, 0.666829, 0.710241, 0.753307, 0.795633, 0.836812, 0.876431, 0.914074, 0.949334, 0.981817, 1.011150, 1.036991, 1.059028, 1.076995, 1.090670, 1.099884, 1.104519, 1.104520, 1.099884, 1.090671, 1.076996, 1.059029, 1.036992, 1.011152, 0.981819, 0.949336, 0.914076, 0.876433, 0.836815, 0.795636, 0.753310, 0.710244, 0.666832, 0.623447, 0.580442, 0.538138, 0.496825, 0.456762, 0.418170, 0.381234, 0.346106, 0.312899, 0.281694, 0.252541, 0.225459, 0.200441, 0.177457, 0.156456, 0.137370, 0.120116, 0.104602, 0.090725, 0.078381, 0.067461, 0.057853, 0.049452, 0.042153, 0.035857, 0.030470, 0.025906, 0.022088, 0.018946, 0.016421, 0.014462, 0.013029, 0.012090, 0.011626
0.012452, 0.012949, 0.013954, 0.015489, 0.017588, 0.020292, 0.023657, 0.027746, 0.032633, 0.038403, 0.045147, 0.052964, 0.061962, 0.072251, 0.083947, 0.097168, 0.112029, 0.128645, 0.147123, 0.167564, 0.190056, 0.214672, 0.241466, 0.270471, 0.301694, 0.335114, 0.370679, 0.408301, 0.447858, 0.489190, 0.532098, 0.576343, 0.621651, 0.667709, 0.714173, 0.760667, 0.806790, 0.852121, 0.896223, 0.938654, 0.978970, 1.016733, 1.051522, 1.082938, 1.110612, 1.134214, 1.153457, 1.168102, 1.177970, 1.182935, 1.182935, 1.177970, 1.168103, 1.153458, 1.134216, 1.110614, 1.082939, 1.051524, 1.016735, 0.978972, 0.938657, 0.896226, 0.852124, 0.806793, 0.760670, 0.714176, 0.667712, 0.621654, 0.576346, 0.532101, 0.489193, 0.447861, 0.408303, 0.370681, 0.335117, 0.301696, 0.270473, 0.241468, 0.214674, 0.190058, 0.167566, 0.147125, 0.128646, 0.112030, 0.097168, 0.083948, 0.072251, 0.061962, 0.052965, 0.045147, 0.038403, 0.032634, 0.027746, 0.023657, 0.020292, 0.017588, 0.015490, 0.013954, 0.012949, 0.012452
0.013273, 0.013803, 0.014874, 0.016511, 0.018747, 0.021630, 0.025216, 0.029575, 0.034785, 0.040935, 0.048123, 0.056456, 0.066047, 0.077014, 0.089482, 0.103574, 0.119415, 0.137126, 0.156822, 0.178611, 0.202586, 0.228824, 0.257384, 0.288301, 0.321582, 0.357205, 0.395113, 0.435215, 0.477380, 0.521436, 0.567171, 0.614333, 0.662626, 0.711720, 0.761246, 0.810805, 0.859967, 0.908286, 0.955294, 1.000521, 1.043494, 1.083745, 1.120827, 1.154314, 1.183812, 1.208969, 1.229480, 1.245091, 1.255608, 1.260901, 1.260901, 1.255609, 1.245092, 1.229481, 1.208971, 1.183814, 1.154315, 1.120829, 1.083748, 1.043496, 1.000524, 0.955297, 0.908289, 0.859971, 0.810808, 0.761250, 0.711723, 0.662629, 0.614336, 0.567174, 0.521439, 0.477383, 0.435218, 0.395116, 0.357207, 0.321584, 0.288303, 0.257386, 0.228826, 0.202587, 0.178612, 0.156824, 0.137127, 0.119416, 0.103575, 0.089483, 0.077015, 0.066047, 0.056457, 0.048124, 0.040936, 0.034785, 0.029575, 0.025217, 0.021630, 0.018748, 0.016511, 0.014874, 0.013803, 0.013273
0.014081, 0.014643, 0.015780, 0.017516, 0.019889, 0.022947, 0.026752, 0.031376, 0.036903, 0.043427, 0.051053, 0.059893, 0.070067, 0.081702, 0.094928, 0.109877, 0.126682, 0.145471, 0.166366, 0.189481, 0.214914, 0.242749, 0.273047, 0.305845, 0.341151, 0.378942, 0.419157, 0.461699, 0.506429, 0.553166, 0.601684, 0.651714, 0.702946, 0.755027, 0.807566, 0.860140, 0.912293, 0.963551, 1.013420, 1.061398, 1.106985, 1.149685, 1.189023, 1.224547, 1.255839, 1.282527, 1.304286, 1.320847, 1.332004, 1.337618, 1.337618, 1.332004, 1.320848, 1.304287, 1.282529, 1.255841, 1.224549, 1.189025, 1.149688, 1.106988, 1.061401, 1.013423, 0.963554, 0.912297, 0.860143, 0.807570, 0.755030, 0.702949, 0.651717, 0.601687, 0.553169, 0.506432, 0.461702, 0.419159, 0.378944, 0.341153, 0.305847, 0.273049, 0.242751, 0.214916, 0.189482, 0.166368, 0.145472, 0.126683, 0.109878, 0.094929, 0.081703, 0.070068, 0.059893, 0.051053, 0.043427, 0.036903, 0.031376, 0.026752, 0.022947, 0.019889, 0.017516, 0.015780, 0.014643, 0.014081
0.014867, 0.015461, 0.016661, 0.018494, 0.020999, 0.024228, 0.028245, 0.033127, 0.038963, 0.045851, 0.053903, 0.063236, 0.073978, 0.086263, 0.100227, 0.116010, 0.133753, 0.153590, 0.175652, 0.200056, 0.226909, 0.256297, 0.288286, 0.322914, 0.360190, 0.400090, 0.442549, 0.487465, 0.534691, 0.584035, 0.635260, 0.688082, 0.742173, 0.797159, 0.852630, 0.908136, 0.963200, 1.017318, 1.069969, 1.120624, 1.168754, 1.213837, 1.255369, 1.292875, 1.325914, 1.354090, 1.377063, 1.394548, 1.406327, 1.412255, 1.412255, 1.406328, 1.394548, 1.377064, 1.354092, 1.325915, 1.292877, 1.255372, 1.213840, 1.168757, 1.120627, 1.069972, 1.017321, 0.963203, 0.908140, 0.852633, 0.797163, 0.742176, 0.688085, 0.635263, 0.584038, 0.534694, 0.487468, 0.442552, 0.400092, 0.360193, 0.322916, 0.288288, 0.256299, 0.226911, 0.200058, 0.175653, 0.153592, 0.133754, 0.116011, 0.100228, 0.086263, 0.073979, 0.063237, 0.053903, 0.045852, 0.038963, 0.033128, 0.028245, 0.024228, 0.020999, 0.018494, 0.016661, 0.015461, 0.014867
0.015623, 0.016246, 0.017508, 0.019434, 0.022066, 0.025459, 0.029680, 0.034810, 0.040942, 0.048181, 0.056641, 0.066448, 0.077736, 0.090644, 0.105317, 0.121903, 0.140546, 0.161391, 0.184573, 0.210217, 0.238433, 0.269314, 0.302927, 0.339313, 0.378482, 0.420407, 0.465022, 0.512219, 0.561842, 0.613692, 0.667518, 0.723022, 0.779858, 0.837637, 0.895923, 0.954248, 1.012107, 1.068972, 1.124296, 1.177523, 1.228097, 1.275469, 1.319110, 1.358519, 1.393235, 1.422842, 1.446981, 1.465353, 1.477731, 1.483959, 1.483960, 1.477732, 1.465354, 1.446982, 1.422844, 1.393237, 1.358521, 1.319112, 1.275471, 1.228100, 1.177526, 1.124300, 1.068976, 1.012111, 0.954252, 0.895927, 0.837640, 0.779862, 0.723025, 0.667521, 0.613695, 0.561845, 0.512222, 0.465025, 0.420410, 0.378485, 0.339315, 0.302929, 0.269316, 0.238435, 0.210218, 0.184574, 0.161392, 0.140547, 0.121904, 0.105318, 0.090645, 0.077737, 0.066449, 0.056641, 0.048181, 0.040943, 0.034811, 0.029680, 0.025459, 0.022066, 0.019434, 0.017508, 0.016246, 0.015623
0.016338, 0.016991, 0.018310, 0.020324, 0.023077, 0.026625, 0.031040, 0.036405, 0.042817, 0.050387, 0.059235, 0.069491, 0.081295, 0.094795, 0.110140, 0.127484, 0.146981, 0.168780, 0.193023, 0.219841, 0.249349, 0.281643, 0.316795, 0.354847, 0.395808, 0.439652, 0.486309, 0.535666, 0.587561, 0.641784, 0.698073, 0.756117, 0.815555, 0.875977, 0.936932, 0.997925, 1.058432, 1.117899, 1.175756, 1.231419, 1.284307, 1.333846, 1.379484, 1.420697, 1.457002, 1.487964, 1.513207, 1.532420, 1.545365, 1.551878, 1.551878, 1.545365, 1.532421, 1.513209, 1.487966, 1.457004, 1.420700, 1.379487, 1.333849, 1.284310, 1.231422, 1.175759, 1.117903, 1.058436, 0.997929, 0.936935, 0.875981, 0.815558, 0.756121, 0.698076, 0.641787, 0.587564, 0.535669, 0.486312, 0.439655, 0.395811, 0.354849, 0.316797, 0.281645, 0.249351, 0.219843, 0.193025, 0.168781, 0.146982, 0.127485, 0.110141, 0.094795, 0.081296, 0.069492, 0.059235, 0.050388, 0.042818, 0.036405, 0.031040, 0.026625, 0.023077, 0.020324, 0.018310, 0.016991, 0.016338
0.017005, 0.017684, 0.019057, 0.021154, 0.024019, 0.027712, 0.032306, 0.037890, 0.044565, 0.052443, 0.061652, 0.072327, 0.084613, 0.098663, 0.114633, 0.132685, 0.152978, 0.175666, 0.200898, 0.228810, 0.259522, 0.293133, 0.329718, 0.369322, 0.411955, 0.457587, 0.506147, 0.557517, 0.611528, 0.667962, 0.726547, 0.786958, 0.848820, 0.911706, 0.975146, 1.038627, 1.101601, 1.163494, 1.223710, 1.281643, 1.336687, 1.388246, 1.435746, 1.478639, 1.516425, 1.548650, 1.574922, 1.594919, 1.608391, 1.615170, 1.615170, 1.608391, 1.594920, 1.574924, 1.548651, 1.516427, 1.478642, 1.435749, 1.388249, 1.336690, 1.281646, 1.223713, 1.163498, 1.101605, 1.038631, 0.975150, 0.911710, 0.848824, 0.786962, 0.726550, 0.667965, 0.611531, 0.557520, 0.506150, 0.457590, 0.411958, 0.369325, 0.329721, 0.293135, 0.259524, 0.228812, 0.200900, 0.175668, 0.152979, 0.132686, 0.114634, 0.098663, 0.084614, 0.072327, 0.061653, 0.052444, 0.044565, 0.037891, 0.032307, 0.027712, 0.024019, 0.021154, 0.019057, 0.017684, 0.017005
0.017615, 0.018318, 0.019740, 0.021912, 0.024880, 0.028705, 0.033465, 0.039249, 0.046162, 0.054323, 0.063862, 0.074919, 0.087645, 0.102199, 0.118742, 0.137440, 0.158460, 0.181961, 0.208097, 0.237009, 0.268821, 0.303636, 0.341532, 0.382555, 0.426715, 0.473982, 0.524281, 0.577490, 0.633436, 0.691892, 0.752575, 0.815150, 0.879228, 0.944367, 1.010079, 1.075833, 1.141063, 1.205172, 1.267544, 1.327553, 1.384568, 1.437975, 1.487175, 1.531605, 1.570743, 1.604122, 1.631335, 1.652048, 1.666003, 1.673025, 1.673025, 1.666004, 1.652050, 1.631337, 1.604124, 1.570745, 1.531607, 1.487178, 1.437978, 1.384572, 1.327556, 1.267548, 1.205176, 1.141067, 1.075837, 1.010083, 0.944371, 0.879232, 0.815154, 0.752579, 0.691896, 0.633440, 0.577494, 0.524284, 0.473985, 0.426718, 0.382558, 0.341535, 0.303639, 0.268823, 0.237011, 0.208099, 0.181963, 0.158461, 0.137442, 0.118743, 0.102199, 0.087646, 0.074920, 0.063862, 0.054324, 0.046163, 0.039249, 0.033465, 0.028706, 0.024880, 0.021912, 0.019741, 0.018318, 0.017615
0.018160, 0.018885, 0.020351, 0.022589, 0.025649, 0.029593, 0.034499, 0.040462, 0.047589, 0.056002, 0.065835, 0.077234, 0.090353, 0.105356, 0.122410, 0.141686, 0.163355, 0.187582, 0.214525, 0.244330, 0.277124, 0.313015, 0.352081, 0.394370, 0.439894, 0.488620, 0.540473, 0.595325, 0.652998, 0.713258, 0.775815, 0.840322, 0.906378, 0.973528, 1.041268, 1.109053, 1.176296, 1.242384, 1.306682, 1.368543, 1.427319, 1.482374, 1.533093, 1.578895, 1.619241, 1.653651, 1.681704, 1.703056, 1.717442, 1.724680, 1.724680, 1.717443, 1.703058, 1.681706, 1.653652, 1.619244, 1.578897, 1.533096, 1.482377, 1.427322, 1.368547, 1.306686, 1.242388, 1.176300, 1.109057, 1.041273, 0.973532, 0.906382, 0.840326, 0.775819, 0.713262, 0.653002, 0.595328, 0.540476, 0.488623, 0.439897, 0.394373, 0.352083, 0.313017, 0.277126, 0.244332, 0.214527, 0.187584, 0.163356, 0.141687, 0.122411, 0.105357, 0.090354, 0.077235, 0.065836, 0.056002, 0.047589, 0.040462, 0.034499, 0.029593, 0.025649, 0.022590, 0.020351, 0.018885, 0.018160
0.018632, 0.019375, 0.020879, 0.023176, 0.026315, 0.030361, 0.035395, 0.041513, 0.048825, 0.057457, 0.067545, 0.079240, 0.092700, 0.108092, 0.125589, 0.145366, 0.167597, 0.192453, 0.220096, 0.250674, 0.284319, 0.321142, 0.361222, 0.404609, 0.451313, 0.501304, 0.554502, 0.610778, 0.669948, 0.731772, 0.795953, 0.862134, 0.929903, 0.998795, 1.068294, 1.137837, 1.206826, 1.274629, 1.340595, 1.404061, 1.464362, 1.520845, 1.572880, 1.619870, 1.661264, 1.696566, 1.725348, 1.747253, 1.762012, 1.769439, 1.769439, 1.762013, 1.747255, 1.725349, 1.696568, 1.661266, 1.619873, 1.572883, 1.520848, 1.464365, 1.404064, 1.340599, 1.274633, 1.206830, 1.137841, 1.068298, 0.998800, 0.929907, 0.862138, 0.795957, 0.731776, 0.669952, 0.610782, 0.554506, 0.501307, 0.451316, 0.404611, 0.361224, 0.321144, 0.284322, 0.250676, 0.220097, 0.192455, 0.167598, 0.145367, 0.125590, 0.108093, 0.092701, 0.079241, 0.067546, 0.057457, 0.048825, 0.041513, 0.035395, 0.030362, 0.026316, 0.023177, 0.020880, 0.019376, 0.018632
0.019024, 0.019784, 0.021320, 0.023665, 0.026870, 0.031001, 0.036141, 0.042388, 0.049854, 0.058667, 0.068968, 0.080909, 0.094653, 0.110369, 0.128234, 0.148428, 0.171127, 0.196506, 0.224731, 0.255953, 0.290307, 0.327904, 0.368828, 0.413128, 0.460816, 0.511859, 0.566177, 0.623638, 0.684053, 0.747178, 0.812709, 0.880283, 0.949479, 1.019820, 1.090782, 1.161789, 1.232229, 1.301459, 1.368813, 1.433615, 1.495185, 1.552857, 1.605987, 1.653966, 1.696230, 1.732276, 1.761663, 1.784030, 1.799099, 1.806682, 1.806682, 1.799100, 1.784031, 1.761664, 1.732278, 1.696233, 1.653968, 1.605990, 1.552860, 1.495188, 1.433618, 1.368817, 1.301463, 1.232233, 1.161793, 1.090786, 1.019825, 0.949483, 0.880287, 0.812713, 0.747182, 0.684057, 0.623641, 0.566181, 0.511862, 0.460819, 0.413131, 0.368831, 0.327907, 0.290309, 0.255955, 0.224733, 0.196508, 0.171129, 0.148429, 0.128235, 0.110370, 0.094654, 0.080910, 0.068969, 0.058668, 0.049854, 0.042388, 0.036142, 0.031002, 0.026870, 0.023665, 0.021320, 0.019784, 0.019025
0.019333, 0.020104, 0.021665, 0.024048, 0.027305, 0.031503, 0.036726, 0.043074, 0.050661, 0.059617, 0.070085, 0.082219, 0.096184, 0.112155, 0.130309, 0.150829, 0.173896, 0.199686, 0.228366, 0.260093, 0.295003, 0.333208, 0.374793, 0.419810, 0.468269, 0.520137, 0.575332, 0.633722, 0.695114, 0.759259, 0.825849, 0.894515, 0.964829, 1.036308, 1.108415, 1.180570, 1.252149, 1.322498, 1.390941, 1.456790, 1.519355, 1.577959, 1.631947, 1.680702, 1.723649, 1.760278, 1.790139, 1.812867, 1.828180, 1.835886, 1.835886, 1.828181, 1.812868, 1.790141, 1.760280, 1.723652, 1.680705, 1.631950, 1.577962, 1.519358, 1.456794, 1.390945, 1.322503, 1.252154, 1.180575, 1.108420, 1.036312, 0.964834, 0.894519, 0.825854, 0.759263, 0.695117, 0.633725, 0.575336, 0.520140, 0.468272, 0.419813, 0.374796, 0.333210, 0.295005, 0.260095, 0.228368, 0.199687, 0.173897, 0.150831, 0.130310, 0.112156, 0.096185, 0.082220, 0.070085, 0.059617, 0.050661, 0.043074, 0.036727, 0.031504, 0.027306, 0.024049, 0.021665, 0.020105, 0.019333
0.019552, 0.020332, 0.021911, 0.024321, 0.027615, 0.031860, 0.037142, 0.043562, 0.051235, 0.060292, 0.070878, 0.083149, 0.097273, 0.113424, 0.131784, 0.152536, 0.175863, 0.201945, 0.230950, 0.263035, 0.298339, 0.336977, 0.379032, 0.424557, 0.473564, 0.526018, 0.581837, 0.640886, 0.702972, 0.767842, 0.835185, 0.904627, 0.975736, 1.048021, 1.120945, 1.193914, 1.266302, 1.337447, 1.406662, 1.473256, 1.536528, 1.595794, 1.650391, 1.699697, 1.743131, 1.780172, 1.810372, 1.833358, 1.848842, 1.856634, 1.856634, 1.848843, 1.833359, 1.810373, 1.780174, 1.743133, 1.699700, 1.650395, 1.595798, 1.536532, 1.473260, 1.406666, 1.337451, 1.266306, 1.193919, 1.120949, 1.048026, 0.975740, 0.904631, 0.835189, 0.767847, 0.702976, 0.640890, 0.581841, 0.526021, 0.473567, 0.424560, 0.379035, 0.336979, 0.298342, 0.263038, 0.230952, 0.201946, 0.175865, 0.152537, 0.131785, 0.113425, 0.097274, 0.083150, 0.070879, 0.060293, 0.051235, 0.043562, 0.037143, 0.031861, 0.027615, 0.024321, 0.021911, 0.020332, 0.019552
0.019679, 0.020464, 0.022053, 0.024479, 0.027794, 0.032067, 0.037383, 0.043844, 0.051567, 0.060682, 0.071337, 0.083688, 0.097903, 0.114158, 0.132637, 0.153523, 0.177001, 0.203251, 0.232444, 0.264737, 0.300269, 0.339155, 0.381483, 0.427302, 0.476624, 0.529417, 0.585597, 0.645028, 0.707514, 0.772803, 0.840581, 0.910471, 0.982039, 1.054792, 1.128187, 1.201628, 1.274482, 1.346088, 1.415750, 1.482773, 1.546453, 1.606101, 1.661051, 1.710674, 1.754387, 1.791666, 1.822060, 1.845193, 1.860778, 1.868620, 1.868621, 1.860779, 1.845194, 1.822062, 1.791668, 1.754389, 1.710677, 1.661054, 1.606105, 1.546457, 1.482777, 1.415754, 1.346092, 1.274486, 1.201632, 1.128191, 1.054797, 0.982043, 0.910475, 0.840585, 0.772807, 0.707518, 0.645031, 0.585601, 0.529421, 0.476628, 0.427305, 0.381485, 0.339158, 0.300271, 0.264739, 0.232446, 0.203253, 0.177003, 0.153524, 0.132638, 0.114160, 0.097904, 0.083689, 0.071338, 0.060683, 0.051567, 0.043844, 0.037383, 0.032067, 0.027794, 0.024479, 0.022053, 0.020464, 0.019679
0.019712, 0.020498, 0.022089, 0.024519, 0.027840, 0.032120, 0.037445, 0.043917, 0.051652, 0.060783, 0.071455, 0.083826, 0.098064, 0.114347, 0.132856, 0.153776, 0.177293, 0.203586, 0.232826, 0.265172, 0.300762, 0.339712, 0.382108, 0.428002, 0.477406, 0.530285, 0.586556, 0.646084, 0.708673, 0.774069, 0.841957, 0.911961, 0.983647, 1.056519, 1.130037, 1.203598, 1.276571, 1.348291, 1.418065, 1.485196, 1.548979, 1.608724, 1.663763, 1.713466, 1.757250, 1.794590, 1.825033, 1.848204, 1.863814, 1.871669, 1.871669, 1.863815, 1.848205, 1.825034, 1.794592, 1.757252, 1.713469, 1.663767, 1.608727, 1.548983, 1.485200, 1.418069, 1.348295, 1.276576, 1.203602, 1.130041, 1.056524, 0.983651, 0.911966, 0.841961, 0.774073, 0.708677, 0.646088, 0.586560, 0.530288, 0.477409, 0.428005, 0.382111, 0.339715, 0.300764, 0.265174, 0.232828, 0.203587, 0.177294, 0.153777, 0.132857, 0.114348, 0.098065, 0.083827, 0.071456, 0.060783, 0.051652, 0.043917, 0.037445, 0.032120, 0.027840, 0.024520, 0.022090, 0.020498, 0.019712
0.019650, 0.020434, 0.022020, 0.024442, 0.027753, 0.032019, 0.037327, 0.043778, 0.051489, 0.060591, 0.071229, 0.083561, 0.097755, 0.113986, 0.132436, 0.153290, 0.176733, 0.202943, 0.232090, 0.264334, 0.299811, 0.338638, 0.380900, 0.426648, 0.475895, 0.528606, 0.584699, 0.644038, 0.706429, 0.771617, 0.839291, 0.909074, 0.980534, 1.053177, 1.126458, 1.199785, 1.272526, 1.344017, 1.413570, 1.480487, 1.544067, 1.603621, 1.658486, 1.708030, 1.751674, 1.788896, 1.819242, 1.842339, 1.857900, 1.865729, 1.865730, 1.857901, 1.842340, 1.819243, 1.788898, 1.751677, 1.708033, 1.658489, 1.603625, 1.544070, 1.480491, 1.413574, 1.344021, 1.272530, 1.199789, 1.126462, 1.053182, 0.980539, 0.909079, 0.839296, 0.771621, 0.706433, 0.644042, 0.584703, 0.528609, 0.475898, 0.426651, 0.380902, 0.338640, 0.299813, 0.264336, 0.232092, 0.202944, 0.176734, 0.153292, 0.132437, 0.113987, 0.097756, 0.083562, 0.071230, 0.060592, 0.051490, 0.043779, 0.037328, 0.032019, 0.027753, 0.024443, 0.022020, 0.020434, 0.019650
0.019494, 0.020272, 0.021846, 0.024249, 0.027532, 0.031765, 0.037031, 0.043431, 0.051081, 0.060110, 0.070664, 0.082898, 0.096979, 0.113081, 0.131385, 0.152073, 0.175329, 0.201330, 0.230247, 0.262233, 0.297429, 0.335947, 0.377872, 0.423257, 0.472112, 0.524403, 0.580051, 0.638918, 0.700814, 0.765483, 0.832620, 0.901848, 0.972738, 1.044802, 1.117499, 1.190242, 1.262404, 1.333325, 1.402324, 1.468708, 1.531782, 1.590862, 1.645289, 1.694439, 1.737735, 1.774660, 1.804765, 1.827678, 1.843115, 1.850882, 1.850883, 1.843116, 1.827679, 1.804766, 1.774662, 1.737738, 1.694442, 1.645292, 1.590865, 1.531785, 1.468712, 1.402328, 1.333329, 1.262408, 1.190246, 1.117503, 1.044806, 0.972742, 0.901853, 0.832625, 0.765488, 0.700818, 0.638922, 0.580055, 0.524407, 0.472115, 0.423260, 0.377875, 0.335949, 0.297431, 0.262235, 0.230248, 0.201332, 0.175331, 0.152074, 0.131386, 0.113082, 0.096980, 0.082899, 0.070665, 0.060111, 0.051081, 0.043431, 0.037032, 0.031765, 0.027533, 0.024249, 0.021846, 0.020272, 0.019494
0.019247, 0.020015, 0.021568, 0.023941, 0.027183, 0.031362, 0.036561, 0.042880, 0.050432, 0.059347, 0.069766, 0.081845, 0.095747, 0.111644, 0.129715, 0.150141, 0.173101, 0.198772, 0.227320, 0.258900, 0.293648, 0.331676, 0.373069, 0.417876, 0.466110, 0.517737, 0.572677, 0.630796, 0.691905, 0.755753, 0.822034, 0.890381, 0.960368, 1.031514, 1.103286, 1.175103, 1.246346, 1.316365, 1.384486, 1.450025, 1.512295, 1.570624, 1.624358, 1.672883, 1.715628, 1.752082, 1.781804, 1.804425, 1.819666, 1.827334, 1.827334, 1.819666, 1.804426, 1.781805, 1.752084, 1.715630, 1.672885, 1.624361, 1.570627, 1.512299, 1.450029, 1.384490, 1.316369, 1.246350, 1.175107, 1.103290, 1.031518, 0.960372, 0.890385, 0.822038, 0.755757, 0.691909, 0.630800, 0.572680, 0.517740, 0.466113, 0.417879, 0.373071, 0.331679, 0.293650, 0.258902, 0.227322, 0.198774, 0.173103, 0.150142, 0.129716, 0.111645, 0.095748, 0.081846, 0.069767, 0.059347, 0.050432, 0.042880, 0.036561, 0.031362, 0.027183, 0.023941, 0.021568, 0.020015, 0.019247
0.018911, 0.019666, 0.021192, 0.023523, 0.026709, 0.030815, 0.035923, 0.042131, 0.049552, 0.058311, 0.068549, 0.080417, 0.094076, 0.109696, 0.127452, 0.147521, 0.170080, 0.195303, 0.223353, 0.254381, 0.288522, 0.325886, 0.366556, 0.410581, 0.457973, 0.508699, 0.562681, 0.619785, 0.679826, 0.742558, 0.807680, 0.874833, 0.943597, 1.013501, 1.084018, 1.154580, 1.224579, 1.293375, 1.360306, 1.424699, 1.485882, 1.543191, 1.595986, 1.643663, 1.685661, 1.721478, 1.750680, 1.772907, 1.787880, 1.795415, 1.795415, 1.787881, 1.772908, 1.750682, 1.721480, 1.685663, 1.643665, 1.595989, 1.543194, 1.485885, 1.424703, 1.360310, 1.293379, 1.224583, 1.154585, 1.084022, 1.013505, 0.943602, 0.874837, 0.807685, 0.742562, 0.679830, 0.619789, 0.562684, 0.508702, 0.457976, 0.410584, 0.366559, 0.325889, 0.288524, 0.254383, 0.223354, 0.195304, 0.170082, 0.147522, 0.127453, 0.109697, 0.094077, 0.080418, 0.068550, 0.058312, 0.049552, 0.042132, 0.035924, 0.030815, 0.026709, 0.023524, 0.021192, 0.019666, 0.018911
0.018492, 0.019230, 0.020723, 0.023002, 0.026117, 0.030132, 0.035127, 0.041197, 0.048453, 0.057019, 0.067029, 0.078634, 0.091990, 0.107264, 0.124625, 0.144249, 0.166308, 0.190971, 0.218399, 0.248739, 0.282123, 0.318658, 0.358425, 0.401474, 0.447814, 0.497415, 0.550200, 0.606037, 0.664744, 0.726084, 0.789761, 0.855423, 0.922661, 0.991012, 1.059965, 1.128961, 1.197406, 1.264674, 1.330120, 1.393084, 1.452908, 1.508945, 1.560568, 1.607186, 1.648252, 1.683275, 1.711828, 1.733561, 1.748202, 1.755570, 1.755570, 1.748203, 1.733562, 1.711829, 1.683276, 1.648254, 1.607189, 1.560571, 1.508948, 1.452912, 1.393088, 1.330124, 1.264678, 1.197410, 1.128965, 1.059969, 0.991017, 0.922665, 0.855427, 0.789765, 0.726088, 0.664748, 0.606041, 0.550203, 0.497418, 0.447817, 0.401476, 0.358428, 0.318660, 0.282125, 0.248741, 0.218401, 0.190973, 0.166310, 0.144250, 0.124627, 0.107265, 0.091991, 0.078635, 0.067030, 0.057019, 0.048454, 0.041198, 0.035127, 0.030132, 0.026117, 0.023002, 0.020723, 0.019230, 0.018492
0.017995, 0.018713, 0.020166, 0.022384, 0.025415, 0.029322, 0.034183, 0.040090, 0.047151, 0.055486, 0.065228, 0.076521, 0.089518, 0.104380, 0.121275, 0.140371, 0.161837, 0.185837, 0.212527, 0.242052, 0.274537, 0.310090, 0.348788, 0.390679, 0.435774, 0.484042, 0.535406, 0.589741, 0.646869, 0.706559, 0.768523, 0.832418, 0.897847, 0.964360, 1.031457, 1.098597, 1.165201, 1.230660, 1.294344, 1.355615, 1.413830, 1.468359, 1.518594, 1.563958, 1.603918, 1.637998, 1.665783, 1.686931, 1.701179, 1.708349, 1.708349, 1.701180, 1.686932, 1.665785, 1.638000, 1.603920, 1.563960, 1.518596, 1.468362, 1.413833, 1.355618, 1.294348, 1.230664, 1.165205, 1.098601, 1.031462, 0.964364, 0.897851, 0.832422, 0.768527, 0.706563, 0.646873, 0.589744, 0.535410, 0.484045, 0.435777, 0.390682, 0.348791, 0.310092, 0.274540, 0.242054, 0.212529, 0.185839, 0.161839, 0.140373, 0.121276, 0.104381, 0.089518, 0.076521, 0.065229, 0.055487, 0.047152, 0.040091, 0.034183, 0.029322, 0.025415, 0.022384, 0.020166, 0.018713, 0.017995
0.017427, 0.018123, 0.019530, 0.021678, 0.024613, 0.028397, 0.033104, 0.038825, 0.045663, 0.053735, 0.063169, 0.074105, 0.086692, 0.101086, 0.117447, 0.135940, 0.156728, 0.179970, 0.205818, 0.234410, 0.265870, 0.300300, 0.337776, 0.378344, 0.422014, 0.468758, 0.518501, 0.571119, 0.626443, 0.684247, 0.744254, 0.806132, 0.869494, 0.933905, 0.998884, 1.063902, 1.128402, 1.191793, 1.253466, 1.312801, 1.369177, 1.421984, 1.470632, 1.514563, 1.553261, 1.586265, 1.613172, 1.633652, 1.647450, 1.654393, 1.654393, 1.647450, 1.633653, 1.613174, 1.586267, 1.553263, 1.514565, 1.470635, 1.421987, 1.369181, 1.312805, 1.253470, 1.191797, 1.128406, 1.063906, 0.998888, 0.933909, 0.869498, 0.806135, 0.744258, 0.684251, 0.626447, 0.571123, 0.518504, 0.468761, 0.422017, 0.378347, 0.337778, 0.300302, 0.265872, 0.234412, 0.205820, 0.179972, 0.156730, 0.135942, 0.117448, 0.101087, 0.086693, 0.074106, 0.063170, 0.053735, 0.045664, 0.038825, 0.033104, 0.028397, 0.024613, 0.021678, 0.019530, 0.018123, 0.017427
0.016796, 0.017467, 0.018822, 0.020892, 0.023722, 0.027368, 0.031905, 0.037419, 0.044009, 0.051788, 0.060881, 0.071420, 0.083551, 0.097423, 0.113192, 0.131015, 0.151049, 0.173449, 0.198360, 0.225916, 0.256235, 0.289417, 0.325535, 0.364633, 0.406721, 0.451770, 0.499709, 0.550421, 0.603739, 0.659448, 0.717280, 0.776913, 0.837979, 0.900055, 0.962677, 1.025339, 1.087501, 1.148594, 1.208031, 1.265214, 1.319547, 1.370439, 1.417323, 1.459661, 1.496957, 1.528764, 1.554696, 1.574434, 1.587731, 1.594421, 1.594421, 1.587731, 1.574435, 1.554697, 1.528765, 1.496959, 1.459664, 1.417326, 1.370442, 1.319550, 1.265218, 1.208035, 1.148597, 1.087505, 1.025343, 0.962681, 0.900059, 0.837982, 0.776917, 0.717283, 0.659452, 0.603742, 0.550424, 0.499712, 0.451773, 0.406724, 0.364636, 0.325537, 0.289419, 0.256237, 0.225917, 0.198361, 0.173451, 0.151051, 0.131016, 0.113193, 0.097424, 0.083552, 0.071421, 0.060881, 0.051789, 0.044009, 0.037419, 0.031905, 0.027368, 0.023722, 0.020893, 0.018822, 0.017467, 0.016796
0.016110, 0.016753, 0.018053, 0.020039, 0.022752, 0.026250, 0.030601, 0.035889, 0.042210, 0.049671, 0.058392, 0.068501, 0.080136, 0.093441, 0.108564, 0.125659, 0.144874, 0.166358, 0.190250, 0.216679, 0.245759, 0.277584, 0.312225, 0.349724, 0.390092, 0.433299, 0.479277, 0.527914, 0.579052, 0.632483, 0.687949, 0.745144, 0.803712, 0.863249, 0.923311, 0.983410, 1.043029, 1.101623, 1.158629, 1.213474, 1.265584, 1.314395, 1.359361, 1.399968, 1.435738, 1.466244, 1.491115, 1.510045, 1.522799, 1.529216, 1.529216, 1.522799, 1.510046, 1.491117, 1.466246, 1.435740, 1.399970, 1.359364, 1.314397, 1.265587, 1.213478, 1.158633, 1.101626, 1.043032, 0.983413, 0.923314, 0.863253, 0.803716, 0.745148, 0.687953, 0.632486, 0.579055, 0.527917, 0.479280, 0.433301, 0.390095, 0.349727, 0.312228, 0.277586, 0.245761, 0.216681, 0.190252, 0.166359, 0.144875, 0.125660, 0.108565, 0.093441, 0.080136, 0.068502, 0.058393, 0.049672, 0.042211, 0.035890, 0.030601, 0.026250, 0.022752, 0.020039, 0.018053, 0.016753, 0.016110
0.015377, 0.015991, 0.017232, 0.019127, 0.021717, 0.025055, 0.029209, 0.034256, 0.040289, 0.047411, 0.055735, 0.065384, 0.076489, 0.089188, 0.103624, 0.119940, 0.138281, 0.158787, 0.181592, 0.206818, 0.234574, 0.264951, 0.298015, 0.333807, 0.372337, 0.413577, 0.457462, 0.503886, 0.552695, 0.603694, 0.656635, 0.711227, 0.767128, 0.823955, 0.881282, 0.938645, 0.995549, 1.051476, 1.105887, 1.158235, 1.207973, 1.254561, 1.297480, 1.336238, 1.370379, 1.399497, 1.423236, 1.441304, 1.453477, 1.459602, 1.459602, 1.453477, 1.441305, 1.423237, 1.399498, 1.370381, 1.336240, 1.297482, 1.254564, 1.207976, 1.158238, 1.105891, 1.051479, 0.995553, 0.938648, 0.881285, 0.823958, 0.767132, 0.711230, 0.656639, 0.603697, 0.552699, 0.503888, 0.457465, 0.413579, 0.372339, 0.333809, 0.298017, 0.264953, 0.234576, 0.206820, 0.181593, 0.158789, 0.138282, 0.119941, 0.103625, 0.089189, 0.076490, 0.065385, 0.055736, 0.047412, 0.040290, 0.034257, 0.029209, 0.025056, 0.021717, 0.019127, 0.017232, 0.015991, 0.015377
0.014606, 0.015189, 0.016368, 0.018169, 0.020629, 0.023800, 0.027745, 0.032540, 0.038271, 0.045035, 0.052942, 0.062107, 0.072656, 0.084719, 0.098431, 0.113930, 0.131351, 0.150829, 0.172491, 0.196453, 0.222818, 0.251672, 0.283078, 0.317076, 0.353674, 0.392847, 0.434532, 0.478629, 0.524992, 0.573434, 0.623721, 0.675576, 0.728675, 0.782653, 0.837105, 0.891593, 0.945645, 0.998767, 1.050450, 1.100174, 1.147418, 1.191671, 1.232438, 1.269253, 1.301683, 1.329340, 1.351889, 1.369051, 1.380614, 1.386432, 1.386432, 1.380614, 1.369052, 1.351890, 1.329342, 1.301685, 1.269255, 1.232441, 1.191674, 1.147421, 1.100177, 1.050454, 0.998771, 0.945648, 0.891596, 0.837109, 0.782656, 0.728678, 0.675579, 0.623725, 0.573437, 0.524995, 0.478631, 0.434535, 0.392850, 0.353676, 0.317078, 0.283080, 0.251674, 0.222820, 0.196454, 0.172492, 0.150831, 0.131352, 0.113931, 0.098432, 0.084720, 0.072657, 0.062108, 0.052943, 0.045036, 0.038271, 0.032540, 0.027745, 0.023800, 0.020629, 0.018169, 0.016368, 0.015189, 0.014606
0.013808, 0.014359, 0.015473, 0.017175, 0.019501, 0.022498, 0.026228, 0.030760, 0.036177, 0.042572, 0.050046, 0.058710, 0.068682, 0.080085, 0.093047, 0.107697, 0.124166, 0.142578, 0.163055, 0.185706, 0.210628, 0.237903, 0.267592, 0.299729, 0.334324, 0.371354, 0.410759, 0.452442, 0.496268, 0.542060, 0.589595, 0.638613, 0.688806, 0.739830, 0.791303, 0.842809, 0.893903, 0.944119, 0.992974, 1.039976, 1.084635, 1.126466, 1.165003, 1.199803, 1.230458, 1.256602, 1.277917, 1.294140, 1.305070, 1.310569, 1.310569, 1.305070, 1.294141, 1.277918, 1.256603, 1.230460, 1.199805, 1.165005, 1.126469, 1.084638, 1.039979, 0.992977, 0.944122, 0.893906, 0.842812, 0.791306, 0.739834, 0.688809, 0.638616, 0.589599, 0.542063, 0.496271, 0.452445, 0.410761, 0.371356, 0.334326, 0.299731, 0.267593, 0.237905, 0.210630, 0.185707, 0.163056, 0.142580, 0.124167, 0.107698, 0.093047, 0.080085, 0.068682, 0.058711, 0.050047, 0.042573, 0.036178, 0.030760, 0.026228, 0.022498, 0.019501, 0.017175, 0.015473, 0.014359, 0.013808
0.012989, 0.013508, 0.014556, 0.016157, 0.018345, 0.021165, 0.024673, 0.028937, 0.034033, 0.040049, 0.047080, 0.055231, 0.064611, 0.075338, 0.087532, 0.101314, 0.116806, 0.134127, 0.153390, 0.174698, 0.198143, 0.223801, 0.251730, 0.281962, 0.314506, 0.349341, 0.386409, 0.425621, 0.466849, 0.509925, 0.554643, 0.600754, 0.647972, 0.695971, 0.744392, 0.792844, 0.840909, 0.888147, 0.934106, 0.978321, 1.020333, 1.059683, 1.095935, 1.128674, 1.157511, 1.182103, 1.202156, 1.217417, 1.227697, 1.232869, 1.232869, 1.227697, 1.217418, 1.202157, 1.182104, 1.157513, 1.128675, 1.095937, 1.059685, 1.020335, 0.978324, 0.934108, 0.888150, 0.840912, 0.792847, 0.744395, 0.695974, 0.647975, 0.600758, 0.554646, 0.509928, 0.466852, 0.425624, 0.386411, 0.349343, 0.314508, 0.281964, 0.251731, 0.223803, 0.198145, 0.174699, 0.153391, 0.134128, 0.116807, 0.101315, 0.087532, 0.075339, 0.064612, 0.055231, 0.047081, 0.040049, 0.034034, 0.028937, 0.024674, 0.021165, 0.018345, 0.016157, 0.014556, 0.013508, 0.012989
0.012161, 0.012646, 0.013627, 0.015126, 0.017174, 0.019814, 0.023099, 0.027090, 0.031862, 0.037493, 0.044076, 0.051706, 0.060488, 0.070530, 0.081945, 0.094848, 0.109351, 0.125567, 0.143600, 0.163548, 0.185497, 0.209517, 0.235663, 0.263965, 0.294432, 0.327043, 0.361745, 0.398454, 0.437050, 0.477377, 0.519241, 0.562409, 0.606611, 0.651546, 0.696876, 0.742235, 0.787231, 0.831454, 0.874478, 0.915871, 0.955200, 0.992039, 1.025976, 1.056623, 1.083620, 1.106644, 1.125415, 1.139702, 1.149327, 1.154170, 1.154170, 1.149327, 1.139703, 1.125416, 1.106645, 1.083622, 1.056625, 1.025978, 0.992041, 0.955203, 0.915874, 0.874481, 0.831457, 0.787234, 0.742238, 0.696879, 0.651549, 0.606614, 0.562411, 0.519244, 0.477379, 0.437052, 0.398456, 0.361747, 0.327045, 0.294434, 0.263967, 0.235665, 0.209519, 0.185498, 0.163549, 0.143601, 0.125568, 0.109352, 0.094849, 0.081946, 0.070531, 0.060488, 0.051706, 0.044076, 0.037494, 0.031862, 0.027091, 0.023099, 0.019815, 0.017175, 0.015126, 0.013627, 0.012646, 0.012161
0.011330, 0.011782, 0.012696, 0.014093, 0.016001, 0.018460, 0.021520, 0.025239, 0.029684, 0.034931, 0.041063, 0.048172, 0.056353, 0.065709, 0.076344, 0.088365, 0.101877, 0.116984, 0.133785, 0.152369, 0.172817, 0.195196, 0.219554, 0.245922, 0.274306, 0.304686, 0.337016, 0.371216, 0.407173, 0.444743, 0.483744, 0.523961, 0.565142, 0.607005, 0.649236, 0.691494, 0.733414, 0.774613, 0.814696, 0.853259, 0.889899, 0.924219, 0.955837, 0.984388, 1.009539, 1.030989, 1.048476, 1.061787, 1.070754, 1.075266, 1.075266, 1.070754, 1.061787, 1.048477, 1.030990, 1.009541, 0.984390, 0.955838, 0.924221, 0.889901, 0.853262, 0.814699, 0.774616, 0.733417, 0.691497, 0.649239, 0.607008, 0.565145, 0.523963, 0.483747, 0.444746, 0.407176, 0.371218, 0.337018, 0.304688, 0.274308, 0.245923, 0.219556, 0.195197, 0.172819, 0.152370, 0.133786, 0.116985, 0.101878, 0.088366, 0.076345, 0.065710, 0.056354, 0.048172, 0.041064, 0.034931, 0.029684, 0.025239, 0.021520, 0.018460, 0.016001, 0.014093, 0.012696, 0.011782, 0.011330
0.010504, 0.010924, 0.011771, 0.013066, 0.014835, 0.017115, 0.019952, 0.023400, 0.027521, 0.032386, 0.038072, 0.044662, 0.052248, 0.060922, 0.070782, 0.081927, 0.094454, 0.108460, 0.124037, 0.141267, 0.160225, 0.180973, 0.203556, 0.228002, 0.254317, 0.282484, 0.312458, 0.344165, 0.377502, 0.412334, 0.448493, 0.485779, 0.523959, 0.562772, 0.601925, 0.641103, 0.679968, 0.718165, 0.755327, 0.791079, 0.825049, 0.856868, 0.886181, 0.912652, 0.935970, 0.955856, 0.972069, 0.984409, 0.992723, 0.996906, 0.996906, 0.992723, 0.984410, 0.972070, 0.955857, 0.935971, 0.912653, 0.886183, 0.856870, 0.825051, 0.791081, 0.755329, 0.718167, 0.679971, 0.641106, 0.601928, 0.562774, 0.523962, 0.485781, 0.448496, 0.412337, 0.377505, 0.344167, 0.312460, 0.282486, 0.254319, 0.228004, 0.203557, 0.180974, 0.160226, 0.141268, 0.124038, 0.108461, 0.094455, 0.081927, 0.070783, 0.060922, 0.052248, 0.044663, 0.038072, 0.032386, 0.027522, 0.023401, 0.019953, 0.017116, 0.014835, 0.013066, 0.011771, 0.010924, 0.010504
0.009692, 0.010079, 0.010861, 0.012055, 0.013688, 0.015792, 0.018409, 0.021590, 0.025393, 0.029881, 0.035127, 0.041208, 0.048206, 0.056209, 0.065307, 0.075589, 0.087148, 0.100071, 0.114442, 0.130339, 0.147831, 0.166973, 0.187810, 0.210364, 0.234644, 0.260631, 0.288285, 0.317540, 0.348298, 0.380435, 0.413797, 0.448198, 0.483425, 0.519234, 0.555358, 0.591505, 0.627364, 0.662605, 0.696892, 0.729878, 0.761220, 0.790577, 0.817622, 0.842044, 0.863558, 0.881906, 0.896865, 0.908250, 0.915920, 0.919780, 0.919780, 0.915921, 0.908251, 0.896866, 0.881907, 0.863559, 0.842046, 0.817623, 0.790578, 0.761221, 0.729880, 0.696894, 0.662607, 0.627366, 0.591508, 0.555361, 0.519236, 0.483427, 0.448200, 0.413799, 0.380438, 0.348300, 0.317542, 0.288287, 0.260633, 0.234645, 0.210366, 0.187811, 0.166975, 0.147832, 0.130340, 0.114443, 0.100071, 0.087149, 0.075590, 0.065307, 0.056210, 0.048207, 0.041208, 0.035127, 0.029881, 0.025393, 0.021591, 0.018409, 0.015792, 0.013688, 0.012055, 0.010861, 0.010079, 0.009692
0.008899, 0.009254, 0.009972, 0.011069, 0.012568, 0.014500, 0.016903, 0.019824, 0.023315, 0.027436, 0.032253, 0.037836, 0.044262, 0.051610, 0.059963, 0.069404, 0.080017, 0.091882, 0.105078, 0.119674, 0.135734, 0.153310, 0.172441, 0.193150, 0.215443, 0.239303, 0.264694, 0.291554, 0.319796, 0.349303, 0.379934, 0.411520, 0.443864, 0.476743, 0.509911, 0.543100, 0.576023, 0.608381, 0.639861, 0.670148, 0.698924, 0.725879, 0.750710, 0.773134, 0.792887, 0.809733, 0.823468, 0.833921, 0.840964, 0.844508, 0.844508, 0.840965, 0.833922, 0.823469, 0.809734, 0.792888, 0.773136, 0.750712, 0.725880, 0.698926, 0.670150, 0.639863, 0.608382, 0.576025, 0.543102, 0.509913, 0.476745, 0.443866, 0.411522, 0.379936, 0.349305, 0.319798, 0.291556, 0.264696, 0.239305, 0.215444, 0.193152, 0.172443, 0.153311, 0.135735, 0.119675, 0.105078, 0.091883, 0.080018, 0.069405, 0.059964, 0.051611, 0.044262, 0.037836, 0.032253, 0.027436, 0.023315, 0.019824, 0.016903, 0.014500, 0.012568, 0.011069, 0.009972, 0.009254, 0.008899
0.008131, 0.008456, 0.009112, 0.010114, 0.011484, 0.013249, 0.015445, 0.018114, 0.021304, 0.025069, 0.029470, 0.034572, 0.040443, 0.047158, 0.054790, 0.063416, 0.073113, 0.083955, 0.096012, 0.109348, 0.124023, 0.140083, 0.157563, 0.176485, 0.196854, 0.218655, 0.241855, 0.266398, 0.292201, 0.319163, 0.347151, 0.376012, 0.405564, 0.435606, 0.465912, 0.496237, 0.526319, 0.555885, 0.584648, 0.612322, 0.638615, 0.663244, 0.685932, 0.706421, 0.724470, 0.739862, 0.752411, 0.761963, 0.768398, 0.771636, 0.771636, 0.768398, 0.761964, 0.752412, 0.739863, 0.724471, 0.706422, 0.685934, 0.663245, 0.638617, 0.612323, 0.584650, 0.555886, 0.526321, 0.496239, 0.465914, 0.435608, 0.405566, 0.376013, 0.347153, 0.319165, 0.292203, 0.266399, 0.241857, 0.218657, 0.196855, 0.176486, 0.157564, 0.140084, 0.124024, 0.109349, 0.096012, 0.083956, 0.073114, 0.063417, 0.054790, 0.047158, 0.040444, 0.034572, 0.029470, 0.025069, 0.021304, 0.018114, 0.015445, 0.013249, 0.011484, 0.010114, 0.009112, 0.008456, 0.008131
0.007394, 0.007689, 0.008286, 0.009197, 0.010442, 0.012047, 0.014044, 0.016471, 0.019371, 0.022795, 0.026797, 0.031436, 0.036775, 0.042880, 0.049820, 0.057664, 0.066481, 0.076339, 0.087302, 0.099429, 0.112772, 0.127375, 0.143270, 0.160475, 0.178996, 0.198820, 0.219915, 0.242230, 0.265693, 0.290208, 0.315657, 0.341900, 0.368771, 0.396088, 0.423644, 0.451218, 0.478571, 0.505454, 0.531608, 0.556771, 0.580679, 0.603073, 0.623703, 0.642333, 0.658744, 0.672740, 0.684151, 0.692836, 0.698687, 0.701631, 0.701631, 0.698687, 0.692836, 0.684152, 0.672741, 0.658745, 0.642334, 0.623704, 0.603074, 0.580680, 0.556773, 0.531610, 0.505456, 0.478573, 0.451219, 0.423646, 0.396089, 0.368773, 0.341901, 0.315659, 0.290209, 0.265695, 0.242232, 0.219916, 0.198821, 0.178997, 0.160476, 0.143271, 0.127376, 0.112773, 0.099430, 0.087303, 0.076340, 0.066482, 0.057664, 0.049820, 0.042880, 0.036775, 0.031436, 0.026797, 0.022795, 0.019372, 0.016471, 0.014044, 0.012047, 0.010442, 0.009197, 0.008286, 0.007689, 0.007394
0.006691, 0.006958, 0.007498, 0.008322, 0.009449, 0.010901, 0.012708, 0.014904, 0.017529, 0.020627, 0.024248, 0.028446, 0.033277, 0.038801, 0.045081, 0.052179, 0.060157, 0.069077, 0.078997, 0.089971, 0.102045, 0.115258, 0.129641, 0.145209, 0.161968, 0.179906, 0.198994, 0.219187, 0.240417, 0.262599, 0.285627, 0.309373, 0.333688, 0.358406, 0.383341, 0.408291, 0.433042, 0.457368, 0.481034, 0.503802, 0.525436, 0.545699, 0.564367, 0.581224, 0.596074, 0.608738, 0.619063, 0.626922, 0.632216, 0.634881, 0.634881, 0.632217, 0.626922, 0.619064, 0.608739, 0.596075, 0.581225, 0.564368, 0.545700, 0.525437, 0.503804, 0.481035, 0.457369, 0.433044, 0.408293, 0.383342, 0.358407, 0.333690, 0.309374, 0.285629, 0.262601, 0.240418, 0.219188, 0.198995, 0.179907, 0.161969, 0.145210, 0.129641, 0.115259, 0.102045, 0.089972, 0.078998, 0.069078, 0.060158, 0.052179, 0.045081, 0.038801, 0.033277, 0.028446, 0.024248, 0.020627, 0.017529, 0.014904, 0.012708, 0.010901, 0.009449, 0.008322, 0.007498, 0.006958, 0.006691
0.006025, 0.006265, 0.006751, 0.007494, 0.008509, 0.009816, 0.011444, 0.013421, 0.015784, 0.018574, 0.021835, 0.025615, 0.029965, 0.034940, 0.040594, 0.046986, 0.054170, 0.062203, 0.071135, 0.081017, 0.091889, 0.103787, 0.116738, 0.130757, 0.145848, 0.162001, 0.179189, 0.197372, 0.216489, 0.236464, 0.257199, 0.278581, 0.300476, 0.322734, 0.345187, 0.367654, 0.389941, 0.411846, 0.433156, 0.453659, 0.473139, 0.491385, 0.508195, 0.523374, 0.536746, 0.548150, 0.557447, 0.564523, 0.569291, 0.571690, 0.571690, 0.569291, 0.564524, 0.557447, 0.548150, 0.536747, 0.523375, 0.508196, 0.491386, 0.473140, 0.453660, 0.433157, 0.411847, 0.389943, 0.367655, 0.345188, 0.322735, 0.300477, 0.278582, 0.257200, 0.236465, 0.216490, 0.197373, 0.179190, 0.162002, 0.145849, 0.130758, 0.116739, 0.103788, 0.091890, 0.081017, 0.071136, 0.062203, 0.054171, 0.046986, 0.040595, 0.034940, 0.029965, 0.025615, 0.021835, 0.018574, 0.015785, 0.013421, 0.011444, 0.009817, 0.008509, 0.007494, 0.006752, 0.006265, 0.006025
0.005399, 0.005614, 0.006050, 0.006715, 0.007625, 0.008797, 0.010255, 0.012027, 0.014145, 0.016645, 0.019567, 0.022954, 0.026852, 0.031310, 0.036377, 0.042104, 0.048542, 0.055740, 0.063745, 0.072599, 0.082342, 0.093004, 0.104609, 0.117172, 0.130695, 0.145169, 0.160571, 0.176864, 0.193995, 0.211894, 0.230475, 0.249635, 0.269255, 0.289199, 0.309320, 0.329453, 0.349424, 0.369052, 0.388148, 0.406520, 0.423976, 0.440327, 0.455390, 0.468992, 0.480974, 0.491193, 0.499524, 0.505865, 0.510137, 0.512287, 0.512287, 0.510138, 0.505866, 0.499525, 0.491193, 0.480975, 0.468993, 0.455390, 0.440328, 0.423977, 0.406522, 0.388150, 0.369053, 0.349425, 0.329454, 0.309321, 0.289200, 0.269256, 0.249636, 0.230476, 0.211895, 0.193996, 0.176865, 0.160572, 0.145169, 0.130695, 0.117172, 0.104610, 0.093005, 0.082342, 0.072600, 0.063745, 0.055741, 0.048543, 0.042105, 0.036377, 0.031310, 0.026852, 0.022954, 0.019567, 0.016645, 0.014145, 0.012027, 0.010255, 0.008797, 0.007625, 0.006716, 0.006050, 0.005614, 0.005399
0.004815, 0.005007, 0.005395, 0.005989, 0.006799, 0.007844, 0.009145, 0.010725, 0.012613, 0.014843, 0.017448, 0.020469, 0.023945, 0.027920, 0.032439, 0.037546, 0.043287, 0.049706, 0.056844, 0.064740, 0.073428, 0.082936, 0.093285, 0.104487, 0.116546, 0.129453, 0.143188, 0.157717, 0.172993, 0.188955, 0.205524, 0.222609, 0.240105, 0.257890, 0.275831, 0.293784, 0.311594, 0.329097, 0.346126, 0.362509, 0.378075, 0.392655, 0.406087, 0.418217, 0.428902, 0.438014, 0.445444, 0.451098, 0.454908, 0.456825, 0.456825, 0.454908, 0.451099, 0.445444, 0.438015, 0.428903, 0.418218, 0.406088, 0.392656, 0.378076, 0.362510, 0.346127, 0.329098, 0.311595, 0.293785, 0.275832, 0.257891, 0.240106, 0.222610, 0.205525, 0.188956, 0.172994, 0.157718, 0.143189, 0.129454, 0.116547, 0.104488, 0.093285, 0.082936, 0.073428, 0.064741, 0.056845, 0.049706, 0.043288, 0.037547, 0.032439, 0.027921, 0.023945, 0.020469, 0.017449, 0.014843, 0.012614, 0.010725, 0.009145, 0.007845, 0.006799, 0.005989, 0.005395, 0.005007, 0.004815
0.004273, 0.004443, 0.004788, 0.005314, 0.006034, 0.006961, 0.008115, 0.009517, 0.011193, 0.013172, 0.015484, 0.018164, 0.021249, 0.024777, 0.028787, 0.033319, 0.038414, 0.044110, 0.050444, 0.057451, 0.065160, 0.073598, 0.082781, 0.092722, 0.103423, 0.114877, 0.127066, 0.139959, 0.153515, 0.167679, 0.182382, 0.197544, 0.213070, 0.228852, 0.244773, 0.260704, 0.276508, 0.292040, 0.307152, 0.321690, 0.335503, 0.348442, 0.360362, 0.371125, 0.380607, 0.388693, 0.395286, 0.400304, 0.403685, 0.405386, 0.405386, 0.403685, 0.400304, 0.395287, 0.388694, 0.380608, 0.371126, 0.360362, 0.348443, 0.335504, 0.321691, 0.307153, 0.292041, 0.276509, 0.260705, 0.244774, 0.228853, 0.213070, 0.197545, 0.182383, 0.167680, 0.153516, 0.139960, 0.127066, 0.114878, 0.103424, 0.092723, 0.082782, 0.073598, 0.065161, 0.057451, 0.050444, 0.044110, 0.038414, 0.033319, 0.028787, 0.024777, 0.021249, 0.018165, 0.015484, 0.013172, 0.011193, 0.009517, 0.008115, 0.006961, 0.006034, 0.005314, 0.004788, 0.004443, 0.004273
0.003773, 0.003924, 0.004228, 0.004693, 0.005329, 0.006148, 0.007166, 0.008405, 0.009885, 0.011632, 0.013674, 0.016041, 0.018765, 0.021880, 0.025421, 0.029424, 0.033923, 0.038953, 0.044547, 0.050734, 0.057542, 0.064993, 0.073103, 0.081882, 0.091332, 0.101447, 0.112210, 0.123596, 0.135567, 0.148075, 0.161059, 0.174448, 0.188158, 0.202095, 0.216155, 0.230223, 0.244179, 0.257895, 0.271239, 0.284078, 0.296276, 0.307702, 0.318229, 0.327734, 0.336107, 0.343248, 0.349070, 0.353501, 0.356486, 0.357988, 0.357988, 0.356486, 0.353501, 0.349070, 0.343248, 0.336107, 0.327734, 0.318229, 0.307703, 0.296277, 0.284079, 0.271240, 0.257896, 0.244180, 0.230224, 0.216156, 0.202096, 0.188159, 0.174449, 0.161060, 0.148075, 0.135568, 0.123596, 0.112211, 0.101447, 0.091332, 0.081883, 0.073104, 0.064994, 0.057543, 0.050735, 0.044547, 0.038953, 0.033923, 0.029424, 0.025422, 0.021880, 0.018765, 0.016041, 0.013674, 0.011632, 0.009885, 0.008405, 0.007167, 0.006148, 0.005329, 0.004693, 0.004228, 0.003924, 0.003773
0.003316, 0.003448, 0.003716, 0.004124, 0.004683, 0.005402, 0.006298, 0.007386, 0.008687, 0.010222, 0.012017, 0.014097, 0.016491, 0.019228, 0.022340, 0.025857, 0.029811, 0.034231, 0.039147, 0.044585, 0.050568, 0.057115, 0.064242, 0.071957, 0.080261, 0.089150, 0.098609, 0.108614, 0.119134, 0.130126, 0.141537, 0.153303, 0.165351, 0.177598, 0.189954, 0.202317, 0.214581, 0.226634, 0.238361, 0.249643, 0.260362, 0.270403, 0.279653, 0.288006, 0.295364, 0.301639, 0.306756, 0.310650, 0.313273, 0.314593, 0.314593, 0.313273, 0.310650, 0.306756, 0.301640, 0.295364, 0.288006, 0.279653, 0.270404, 0.260363, 0.249643, 0.238362, 0.226635, 0.214582, 0.202317, 0.189954, 0.177599, 0.165351, 0.153303, 0.141537, 0.130127, 0.119135, 0.108615, 0.098609, 0.089151, 0.080262, 0.071957, 0.064243, 0.057116, 0.050568, 0.044585, 0.039147, 0.034232, 0.029811, 0.025858, 0.022340, 0.019228, 0.016491, 0.014097, 0.012017, 0.010222, 0.008687, 0.007386, 0.006298, 0.005403, 0.004683, 0.004124, 0.003716, 0.003448, 0.003316
0.002900, 0.003016, 0.003249, 0.003607, 0.004095, 0.004725, 0.005508, 0.006459, 0.007597, 0.008939, 0.010509, 0.012328, 0.014421, 0.016815, 0.019537, 0.022613, 0.026070, 0.029936, 0.034235, 0.038990, 0.044222, 0.049948, 0.056181, 0.062927, 0.070189, 0.077963, 0.086234, 0.094984, 0.104184, 0.113796, 0.123775, 0.134064, 0.144600, 0.155311, 0.166116, 0.176927, 0.187652, 0.198193, 0.208448, 0.218314, 0.227688, 0.236469, 0.244558, 0.251862, 0.258297, 0.263785, 0.268259, 0.271664, 0.273958, 0.275112, 0.275112, 0.273958, 0.271664, 0.268259, 0.263785, 0.258297, 0.251863, 0.244558, 0.236469, 0.227689, 0.218315, 0.208449, 0.198194, 0.187653, 0.176928, 0.166116, 0.155312, 0.144601, 0.134065, 0.123775, 0.113797, 0.104185, 0.094985, 0.086235, 0.077963, 0.070190, 0.062928, 0.056181, 0.049949, 0.044222, 0.038990, 0.034235, 0.029936, 0.026070, 0.022613, 0.019537, 0.016816, 0.014422, 0.012328, 0.010509, 0.008940, 0.007597, 0.006459, 0.005508, 0.004725, 0.004095, 0.003607, 0.003250, 0.003016, 0.002900
0.002524, 0.002624, 0.002828, 0.003139, 0.003564, 0.004112, 0.004793, 0.005621, 0.006611, 0.007780, 0.009145, 0.010728, 0.012550, 0.014634, 0.017002, 0.019679, 0.022688, 0.026052, 0.029793, 0.033931, 0.038485, 0.043468, 0.048891, 0.054763, 0.061083, 0.067847, 0.075046, 0.082660, 0.090666, 0.099031, 0.107715, 0.116669, 0.125839, 0.135159, 0.144562, 0.153971, 0.163304, 0.172477, 0.181402, 0.189988, 0.198145, 0.205787, 0.212826, 0.219183, 0.224782, 0.229558, 0.233451, 0.236415, 0.238411, 0.239416, 0.239416, 0.238412, 0.236415, 0.233452, 0.229558, 0.224783, 0.219183, 0.212826, 0.205787, 0.198146, 0.189988, 0.181402, 0.172478, 0.163305, 0.153971, 0.144563, 0.135160, 0.125839, 0.116670, 0.107716, 0.099032, 0.090667, 0.082661, 0.075046, 0.067848, 0.061083, 0.054763, 0.048892, 0.043468, 0.038485, 0.033932, 0.029793, 0.026052, 0.022688, 0.019679, 0.017002, 0.014634, 0.012550, 0.010728, 0.009145, 0.007780, 0.006611, 0.005621, 0.004793, 0.004112, 0.003564, 0.003139, 0.002828, 0.002624, 0.002524
0.002186, 0.002273, 0.002449, 0.002718, 0.003086, 0.003561, 0.004151, 0.004868, 0.005725, 0.006737, 0.007920, 0.009291, 0.010869, 0.012673, 0.014724, 0.017042, 0.019648, 0.022561, 0.025801, 0.029385, 0.033328, 0.037644, 0.042341, 0.047425, 0.052899, 0.058757, 0.064991, 0.071585, 0.078519, 0.085763, 0.093283, 0.101037, 0.108978, 0.117050, 0.125193, 0.133341, 0.141424, 0.149368, 0.157096, 0.164532, 0.171596, 0.178214, 0.184310, 0.189815, 0.194664, 0.198800, 0.202172, 0.204738, 0.206467, 0.207337, 0.207337, 0.206467, 0.204738, 0.202172, 0.198800, 0.194665, 0.189815, 0.184310, 0.178214, 0.171597, 0.164532, 0.157097, 0.149368, 0.141424, 0.133341, 0.125193, 0.117051, 0.108979, 0.101038, 0.093283, 0.085763, 0.078519, 0.071586, 0.064991, 0.058757, 0.052899, 0.047426, 0.042341, 0.037644, 0.033329, 0.029385, 0.025802, 0.022562, 0.019648, 0.017043, 0.014724, 0.012673, 0.010869, 0.009291, 0.007920, 0.006737, 0.005726, 0.004868, 0.004151, 0.003561, 0.003086, 0.002718, 0.002449, 0.002273, 0.002186
0.001884, 0.001959, 0.002111, 0.002343, 0.002660, 0.003069, 0.003577, 0.004195, 0.004934, 0.005806, 0.006826, 0.008007, 0.009367, 0.010922, 0.012689, 0.014687, 0.016933, 0.019444, 0.022236, 0.025324, 0.028723, 0.032442, 0.036490, 0.040872, 0.045588, 0.050637, 0.056009, 0.061692, 0.067668, 0.073911, 0.080392, 0.087075, 0.093918, 0.100874, 0.107892, 0.114914, 0.121879, 0.128726, 0.135386, 0.141794, 0.147882, 0.153585, 0.158839, 0.163583, 0.167762, 0.171326, 0.174232, 0.176444, 0.177934, 0.178684, 0.178684, 0.177934, 0.176444, 0.174232, 0.171326, 0.167762, 0.163583, 0.158839, 0.153585, 0.147883, 0.141794, 0.135386, 0.128726, 0.121880, 0.114914, 0.107892, 0.100875, 0.093918, 0.087075, 0.080392, 0.073911, 0.067668, 0.061693, 0.056010, 0.050637, 0.045589, 0.040872, 0.036490, 0.032442, 0.028723, 0.025325, 0.022236, 0.019444, 0.016933, 0.014687, 0.012690, 0.010922, 0.009367, 0.008007, 0.006826, 0.005806, 0.004934, 0.004196, 0.003577, 0.003069, 0.002660, 0.002343, 0.002111, 0.001959, 0.001884
0.001615, 0.001680, 0.001810, 0.002009, 0.002281, 0.002632, 0.003068, 0.003598, 0.004232, 0.004980, 0.005854, 0.006867, 0.008033, 0.009367, 0.010883, 0.012596, 0.014522, 0.016675, 0.019070, 0.021719, 0.024633, 0.027823, 0.031294, 0.035052, 0.039098, 0.043427, 0.048035, 0.052909, 0.058033, 0.063388, 0.068946, 0.074677, 0.080546, 0.086512, 0.092530, 0.098552, 0.104526, 0.110398, 0.116110, 0.121605, 0.126827, 0.131717, 0.136223, 0.140292, 0.143876, 0.146933, 0.149425, 0.151321, 0.152599, 0.153242, 0.153242, 0.152599, 0.151322, 0.149425, 0.146933, 0.143876, 0.140292, 0.136223, 0.131718, 0.126827, 0.121606, 0.116110, 0.110398, 0.104527, 0.098553, 0.092531, 0.086512, 0.080546, 0.074677, 0.068946, 0.063388, 0.058034, 0.052909, 0.048035, 0.043428, 0.039098, 0.035053, 0.031295, 0.027823, 0.024633, 0.021719, 0.019070, 0.016676, 0.014522, 0.012596, 0.010883, 0.009367, 0.008033, 0.006867, 0.005854, 0.004980, 0.004232, 0.003598, 0.003068, 0.002632, 0.002281, 0.002009, 0.001810, 0.001680, 0.001615
0.001379, 0.001434, 0.001545, 0.001715, 0.001947, 0.002246, 0.002619, 0.003071, 0.003612, 0.004250, 0.004996, 0.005861, 0.006856, 0.007995, 0.009288, 0.010751, 0.012394, 0.014232, 0.016276, 0.018537, 0.021024, 0.023746, 0.026709, 0.029916, 0.033369, 0.037064, 0.040997, 0.045156, 0.049530, 0.054100, 0.058843, 0.063735, 0.068744, 0.073835, 0.078972, 0.084111, 0.089210, 0.094221, 0.099096, 0.103786, 0.108243, 0.112417, 0.116262, 0.119735, 0.122794, 0.125403, 0.127529, 0.129148, 0.130239, 0.130788, 0.130788, 0.130239, 0.129148, 0.127529, 0.125403, 0.122794, 0.119735, 0.116262, 0.112417, 0.108243, 0.103787, 0.099096, 0.094221, 0.089210, 0.084112, 0.078972, 0.073836, 0.068744, 0.063735, 0.058844, 0.054100, 0.049530, 0.045157, 0.040997, 0.037064, 0.033369, 0.029917, 0.026709, 0.023746, 0.021024, 0.018537, 0.016276, 0.014232, 0.012394, 0.010751, 0.009288, 0.007995, 0.006856, 0.005861, 0.004996, 0.004250, 0.003612, 0.003071, 0.002619, 0.002246, 0.001947, 0.001715, 0.001545, 0.001434, 0.001379
0.001171, 0.001218, 0.001312, 0.001457, 0.001654, 0.001908, 0.002224, 0.002608, 0.003068, 0.003610, 0.004244, 0.004978, 0.005824, 0.006790, 0.007889, 0.009131, 0.010527, 0.012088, 0.013824, 0.015744, 0.017857, 0.020169, 0.022686, 0.025410, 0.028342, 0.031481, 0.034821, 0.038354, 0.042069, 0.045950, 0.049979, 0.054134, 0.058388, 0.062713, 0.067076, 0.071441, 0.075772, 0.080028, 0.084169, 0.088152, 0.091937, 0.095483, 0.098749, 0.101698, 0.104296, 0.106512, 0.108319, 0.109694, 0.110620, 0.111086, 0.111086, 0.110620, 0.109694, 0.108319, 0.106512, 0.104297, 0.101698, 0.098749, 0.095483, 0.091938, 0.088153, 0.084169, 0.080028, 0.075772, 0.071442, 0.067076, 0.062713, 0.058389, 0.054134, 0.049980, 0.045951, 0.042069, 0.038354, 0.034821, 0.031481, 0.028343, 0.025410, 0.022686, 0.020169, 0.017857, 0.015744, 0.013824, 0.012088, 0.010527, 0.009131, 0.007889, 0.006790, 0.005824, 0.004978, 0.004244, 0.003610, 0.003068, 0.002608, 0.002224, 0.001908, 0.001654, 0.001457, 0.001312, 0.001218, 0.001171
0.000990, 0.001029, 0.001109, 0.001231, 0.001398, 0.001613, 0.001880, 0.002205, 0.002593, 0.003052, 0.003587, 0.004208, 0.004923, 0.005740, 0.006669, 0.007719, 0.008899, 0.010219, 0.011686, 0.013309, 0.015095, 0.017049, 0.019177, 0.021480, 0.023958, 0.026612, 0.029435, 0.032422, 0.035562, 0.038843, 0.042248, 0.045760, 0.049357, 0.053012, 0.056700, 0.060390, 0.064051, 0.067649, 0.071149, 0.074517, 0.077716, 0.080713, 0.083474, 0.085967, 0.088163, 0.090036, 0.091563, 0.092726, 0.093509, 0.093903, 0.093903, 0.093509, 0.092726, 0.091564, 0.090036, 0.088163, 0.085967, 0.083474, 0.080713, 0.077716, 0.074517, 0.071149, 0.067649, 0.064051, 0.060391, 0.056701, 0.053013, 0.049357, 0.045761, 0.042249, 0.038843, 0.035562, 0.032422, 0.029435, 0.026612, 0.023959, 0.021480, 0.019177, 0.017050, 0.015095, 0.013309, 0.011686, 0.010219, 0.008899, 0.007719, 0.006669, 0.005740, 0.004923, 0.004208, 0.003587, 0.003052, 0.002593, 0.002205, 0.001880, 0.001613, 0.001398, 0.001231, 0.001109, 0.001029, 0.000990
0.000833, 0.000866, 0.000933, 0.001036, 0.001176, 0.001357, 0.001582, 0.001855, 0.002182, 0.002567, 0.003018, 0.003541, 0.004142, 0.004829, 0.005611, 0.006494, 0.007487, 0.008597, 0.009832, 0.011198, 0.012700, 0.014345, 0.016134, 0.018072, 0.020157, 0.022390, 0.024765, 0.027278, 0.029920, 0.032680, 0.035546, 0.038501, 0.041526, 0.044602, 0.047705, 0.050810, 0.053889, 0.056916, 0.059861, 0.062695, 0.065386, 0.067908, 0.070231, 0.072328, 0.074176, 0.075752, 0.077037, 0.078015, 0.078674, 0.079005, 0.079005, 0.078674, 0.078015, 0.077037, 0.075752, 0.074176, 0.072328, 0.070231, 0.067908, 0.065387, 0.062695, 0.059861, 0.056917, 0.053890, 0.050810, 0.047705, 0.044602, 0.041527, 0.038501, 0.035546, 0.032680, 0.029920, 0.027278, 0.024765, 0.022390, 0.020158, 0.018072, 0.016135, 0.014345, 0.012700, 0.011198, 0.009832, 0.008597, 0.007487, 0.006494, 0.005611, 0.004829, 0.004142, 0.003541, 0.003018, 0.002567, 0.002182, 0.001855, 0.001582, 0.001357, 0.001176, 0.001036, 0.000933, 0.000866, 0.000833
0.000698, 0.000725, 0.000782, 0.000868, 0.000985, 0.001136, 0.001325, 0.001554, 0.001827, 0.002150, 0.002528, 0.002965, 0.003469, 0.004045, 0.004699, 0.005439, 0.006271, 0.007200, 0.008234, 0.009378, 0.010637, 0.012014, 0.013513, 0.015135, 0.016882, 0.018752, 0.020741, 0.022846, 0.025058, 0.027370, 0.029770, 0.032245, 0.034779, 0.037355, 0.039953, 0.042553, 0.045133, 0.047668, 0.050134, 0.052507, 0.054762, 0.056873, 0.058819, 0.060576, 0.062123, 0.063443, 0.064519, 0.065338, 0.065890, 0.066167, 0.066167, 0.065890, 0.065338, 0.064519, 0.063443, 0.062123, 0.060576, 0.058819, 0.056874, 0.054762, 0.052507, 0.050134, 0.047668, 0.045133, 0.042554, 0.039953, 0.037355, 0.034779, 0.032245, 0.029770, 0.027370, 0.025058, 0.022846, 0.020741, 0.018752, 0.016882, 0.015136, 0.013513, 0.012014, 0.010637, 0.009378, 0.008234, 0.007201, 0.006271, 0.005439, 0.004699, 0.004045, 0.003469, 0.002965, 0.002528, 0.002150, 0.001827, 0.001554, 0.001325, 0.001137, 0.000985, 0.000868, 0.000782, 0.000725, 0.000698
0.000582, 0.000605, 0.000652, 0.000723, 0.000821, 0.000948, 0.001105, 0.001296, 0.001524, 0.001793, 0.002108, 0.002473, 0.002893, 0.003373, 0.003919, 0.004535, 0.005229, 0.006004, 0.006866, 0.007820, 0.008869, 0.010018, 0.011268, 0.012621, 0.014077, 0.015636, 0.017295, 0.019050, 0.020895, 0.022823, 0.024824, 0.026887, 0.029000, 0.031148, 0.033315, 0.035483, 0.037634, 0.039748, 0.041805, 0.043783, 0.045663, 0.047424, 0.049046, 0.050511, 0.051802, 0.052902, 0.053799, 0.054482, 0.054942, 0.055174, 0.055174, 0.054942, 0.054482, 0.053799, 0.052902, 0.051802, 0.050511, 0.049046, 0.047424, 0.045663, 0.043783, 0.041805, 0.039748, 0.037634, 0.035483, 0.033315, 0.031148, 0.029000, 0.026887, 0.024824, 0.022823, 0.020895, 0.019050, 0.017295, 0.015636, 0.014077, 0.012621, 0.011268, 0.010018, 0.008869, 0.007820, 0.006866, 0.006004, 0.005229, 0.004535, 0.003919, 0.003373, 0.002893, 0.002473, 0.002108, 0.001793, 0.001524, 0.001296, 0.001105, 0.000948, 0.000821, 0.000723, 0.000652, 0.000605, 0.000582
0.000483, 0.000502, 0.000541, 0.000601, 0.000682, 0.000787, 0.000917, 0.001076, 0.001265, 0.001489, 0.001751, 0.002054, 0.002402, 0.002801, 0.003254, 0.003767, 0.004343, 0.004986, 0.005702, 0.006494, 0.007366, 0.008320, 0.009358, 0.010481, 0.011691, 0.012986, 0.014363, 0.015821, 0.017353, 0.018954, 0.020616, 0.022330, 0.024085, 0.025868, 0.027668, 0.029469, 0.031255, 0.033010, 0.034718, 0.036362, 0.037923, 0.039385, 0.040732, 0.041949, 0.043021, 0.043935, 0.044680, 0.045247, 0.045629, 0.045821, 0.045821, 0.045629, 0.045247, 0.044680, 0.043935, 0.043021, 0.041949, 0.040732, 0.039385, 0.037923, 0.036362, 0.034718, 0.033011, 0.031255, 0.029469, 0.027668, 0.025869, 0.024085, 0.022330, 0.020616, 0.018954, 0.017353, 0.015821, 0.014363, 0.012986, 0.011691, 0.010482, 0.009358, 0.008320, 0.007366, 0.006495, 0.005702, 0.004986, 0.004343, 0.003767, 0.003254, 0.002801, 0.002402, 0.002054, 0.001751, 0.001489, 0.001265, 0.001076, 0.000917, 0.000787, 0.000682, 0.000601, 0.000541, 0.000502, 0.000483
0.000400, 0.000416, 0.000448, 0.000497, 0.000565, 0.000651, 0.000759, 0.000890, 0.001047, 0.001232, 0.001449, 0.001699, 0.001988, 0.002318, 0.002693, 0.003117, 0.003594, 0.004127, 0.004719, 0.005375, 0.006096, 0.006885, 0.007744, 0.008674, 0.009675, 0.010747, 0.011887, 0.013093, 0.014361, 0.015686, 0.017061, 0.018480, 0.019932, 0.021408, 0.022898, 0.024388, 0.025866, 0.027319, 0.028732, 0.030092, 0.031384, 0.032595, 0.033709, 0.034716, 0.035603, 0.036360, 0.036976, 0.037446, 0.037762, 0.037921, 0.037921, 0.037762, 0.037446, 0.036976, 0.036360, 0.035603, 0.034716, 0.033710, 0.032595, 0.031384, 0.030092, 0.028732, 0.027319, 0.025866, 0.024388, 0.022898, 0.021408, 0.019932, 0.018480, 0.017062, 0.015686, 0.014361, 0.013093, 0.011887, 0.010747, 0.009675, 0.008674, 0.007744, 0.006885, 0.006096, 0.005375, 0.004719, 0.004127, 0.003594, 0.003117, 0.002693, 0.002318, 0.001988, 0.001699, 0.001449, 0.001232, 0.001047, 0.000890, 0.000759, 0.000651, 0.000565, 0.000497, 0.000448, 0.000416, 0.000400
0.000330, 0.000343, 0.000370, 0.000410, 0.000466, 0.000538, 0.000627, 0.000735, 0.000864, 0.001017, 0.001196, 0.001403, 0.001641, 0.001913, 0.002223, 0.002573, 0.002966, 0.003406, 0.003895, 0.004436, 0.005032, 0.005683, 0.006392, 0.007160, 0.007986, 0.008870, 0.009811, 0.010807, 0.011854, 0.012947, 0.014082, 0.015253, 0.016452, 0.017670, 0.018900, 0.020130, 0.021350, 0.022549, 0.023716, 0.024838, 0.025905, 0.026903, 0.027824, 0.028655, 0.029387, 0.030011, 0.030520, 0.030907, 0.031168, 0.031300, 0.031300, 0.031168, 0.030907, 0.030520, 0.030011, 0.029387, 0.028655, 0.027824, 0.026903, 0.025905, 0.024838, 0.023716, 0.022549, 0.021350, 0.020130, 0.018900, 0.017670, 0.016452, 0.015253, 0.014083, 0.012947, 0.011854, 0.010807, 0.009811, 0.008870, 0.007986, 0.007160, 0.006392, 0.005683, 0.005032, 0.004436, 0.003895, 0.003406, 0.002966, 0.002573, 0.002223, 0.001913, 0.001641, 0.001403, 0.001196, 0.001017, 0.000864, 0.000735, 0.000627, 0.000538, 0.000466, 0.000410, 0.000370, 0.000343, 0.000330
0.000272, 0.000283, 0.000305, 0.000338, 0.000384, 0.000443, 0.000517, 0.000606, 0.000713, 0.000839, 0.000986, 0.001156, 0.001353, 0.001577, 0.001832, 0.002121, 0.002445, 0.002808, 0.003211, 0.003657, 0.004148, 0.004685, 0.005269, 0.005902, 0.006583, 0.007312, 0.008088, 0.008909, 0.009771, 0.010673, 0.011609, 0.012574, 0.013562, 0.014566, 0.015580, 0.016594, 0.017599, 0.018588, 0.019550, 0.020475, 0.021354, 0.022178, 0.022936, 0.023621, 0.024225, 0.024739, 0.025159, 0.025478, 0.025694, 0.025802, 0.025802, 0.025694, 0.025478, 0.025159, 0.024739, 0.024225, 0.023621, 0.022936, 0.022178, 0.021354, 0.020475, 0.019550, 0.018588, 0.017600, 0.016594, 0.015580, 0.014566, 0.013562, 0.012574, 0.011609, 0.010673, 0.009771, 0.008909, 0.008088, 0.007312, 0.006583, 0.005902, 0.005269, 0.004685, 0.004148, 0.003657, 0.003211, 0.002808, 0.002445, 0.002121, 0.001832, 0.001577, 0.001353, 0.001156, 0.000986, 0.000839, 0.000713, 0.000606, 0.000517, 0.000443, 0.000384, 0.000338, 0.000305, 0.000283, 0.000272
0.000224, 0.000233, 0.000251, 0.000279, 0.000317, 0.000366, 0.000426, 0.000500, 0.000588, 0.000692, 0.000813, 0.000954, 0.001116, 0.001301, 0.001512, 0.001750, 0.002017, 0.002317, 0.002649, 0.003017, 0.003422, 0.003865, 0.004347, 0.004869, 0.005431, 0.006033, 0.006673, 0.007350, 0.008062, 0.008806, 0.009578, 0.010374, 0.011189, 0.012018, 0.012854, 0.013691, 0.014521, 0.015336, 0.016130, 0.016893, 0.017618, 0.018298, 0.018924, 0.019489, 0.019987, 0.020411, 0.020758, 0.021021, 0.021199, 0.021288, 0.021288, 0.021199, 0.021021, 0.020758, 0.020412, 0.019987, 0.019489, 0.018924, 0.018298, 0.017619, 0.016893, 0.016130, 0.015336, 0.014521, 0.013691, 0.012854, 0.012018, 0.011189, 0.010374, 0.009578, 0.008806, 0.008062, 0.007350, 0.006673, 0.006033, 0.005431, 0.004870, 0.004347, 0.003865, 0.003422, 0.003017, 0.002649, 0.002317, 0.002017, 0.001750, 0.001512, 0.001301, 0.001116, 0.000954, 0.000813, 0.000692, 0.000588, 0.000500, 0.000426, 0.000366, 0.000317, 0.000279, 0.000251, 0.000233, 0.000224
0.000186, 0.000193, 0.000208, 0.000231, 0.000263, 0.000303, 0.000353, 0.000414, 0.000487, 0.000573, 0.000674, 0.000790, 0.000925, 0.001078, 0.001253, 0.001450, 0.001671, 0.001919, 0.002195, 0.002500, 0.002835, 0.003202, 0.003602, 0.004034, 0.004500, 0.004998, 0.005529, 0.006089, 0.006679, 0.007295, 0.007935, 0.008595, 0.009270, 0.009957, 0.010650, 0.011343, 0.012030, 0.012706, 0.013363, 0.013996, 0.014597, 0.015160, 0.015678, 0.016147, 0.016559, 0.016911, 0.017198, 0.017416, 0.017563, 0.017637, 0.017637, 0.017563, 0.017416, 0.017198, 0.016911, 0.016559, 0.016147, 0.015678, 0.015160, 0.014597, 0.013996, 0.013364, 0.012706, 0.012030, 0.011343, 0.010650, 0.009957, 0.009270, 0.008595, 0.007935, 0.007296, 0.006679, 0.006090, 0.005529, 0.004998, 0.004500, 0.004034, 0.003602, 0.003202, 0.002835, 0.002500, 0.002195, 0.001919, 0.001671, 0.001450, 0.001253, 0.001078, 0.000925, 0.000790, 0.000674, 0.000573, 0.000487, 0.000414, 0.000353, 0.000303, 0.000263, 0.000231, 0.000208, 0.000193, 0.000186
0.000155, 0.000162, 0.000174, 0.000193, 0.000219, 0.000253, 0.000295, 0.000346, 0.000407, 0.000479, 0.000563, 0.000661, 0.000773, 0.000901, 0.001047, 0.001212, 0.001397, 0.001605, 0.001835, 0.002090, 0.002370, 0.002677, 0.003011, 0.003373, 0.003762, 0.004179, 0.004622, 0.005091, 0.005584, 0.006099, 0.006634, 0.007186, 0.007750, 0.008324, 0.008904, 0.009483, 0.010058, 0.010623, 0.011172, 0.011701, 0.012204, 0.012674, 0.013108, 0.013499, 0.013844, 0.014138, 0.014378, 0.014561, 0.014684, 0.014746, 0.014746, 0.014684, 0.014561, 0.014378, 0.014138, 0.013844, 0.013499, 0.013108, 0.012674, 0.012204, 0.011701, 0.011173, 0.010623, 0.010058, 0.009483, 0.008904, 0.008324, 0.007750, 0.007186, 0.006634, 0.006099, 0.005584, 0.005091, 0.004622, 0.004179, 0.003762, 0.003373, 0.003011, 0.002677, 0.002370, 0.002090, 0.001835, 0.001605, 0.001397, 0.001212, 0.001047, 0.000901, 0.000773, 0.000661, 0.000563, 0.000479, 0.000407, 0.000346, 0.000295, 0.000253, 0.000219, 0.000193, 0.000174, 0.000162, 0.000155
0.000132, 0.000137, 0.000148, 0.000164, 0.000186, 0.000215, 0.000251, 0.000294, 0.000346, 0.000407, 0.000478, 0.000561, 0.000657, 0.000766, 0.000889, 0.001030, 0.001187, 0.001363, 0.001559, 0.001775, 0.002013, 0.002274, 0.002558, 0.002865, 0.003196, 0.003550, 0.003926, 0.004325, 0.004744, 0.005181, 0.005636, 0.006104, 0.006584, 0.007072, 0.007564, 0.008056, 0.008544, 0.009024, 0.009491, 0.009940, 0.010367, 0.010767, 0.011135, 0.011468, 0.011761, 0.012011, 0.012215, 0.012370, 0.012474, 0.012527, 0.012527, 0.012474, 0.012370, 0.012215, 0.012011, 0.011761, 0.011468, 0.011135, 0.010767, 0.010367, 0.009940, 0.009491, 0.009024, 0.008544, 0.008056, 0.007564, 0.007072, 0.006584, 0.006104, 0.005636, 0.005181, 0.004744, 0.004325, 0.003926, 0.003550, 0.003196, 0.002865, 0.002558, 0.002274, 0.002013, 0.001775, 0.001559, 0.001363, 0.001187, 0.001030, 0.000890, 0.000766, 0.000657, 0.000561, 0.000478, 0.000407, 0.000346, 0.000294, 0.000251, 0.000215, 0.000186, 0.000164, 0.000148, 0.000137, 0.000132
0.000115, 0.000120, 0.000129, 0.000143, 0.000162, 0.000187, 0.000218, 0.000256, 0.000301, 0.000354, 0.000417, 0.000489, 0.000572, 0.000667, 0.000775, 0.000897, 0.001034, 0.001187, 0.001358, 0.001546, 0.001754, 0.001981, 0.002228, 0.002496, 0.002784, 0.003092, 0.003420, 0.003767, 0.004132, 0.004513, 0.004909, 0.005317, 0.005735, 0.006160, 0.006588, 0.007017, 0.007442, 0.007860, 0.008267, 0.008659, 0.009030, 0.009379, 0.009699, 0.009989, 0.010244, 0.010462, 0.010640, 0.010775, 0.010866, 0.010911, 0.010911, 0.010866, 0.010775, 0.010640, 0.010462, 0.010244, 0.009989, 0.009699, 0.009379, 0.009030, 0.008659, 0.008267, 0.007860, 0.007442, 0.007017, 0.006588, 0.006160, 0.005735, 0.005317, 0.004909, 0.004513, 0.004132, 0.003767, 0.003420, 0.003092, 0.002784, 0.002496, 0.002228, 0.001981, 0.001754, 0.001546, 0.001358, 0.001187, 0.001034, 0.000897, 0.000775, 0.000667, 0.000572, 0.000489, 0.000417, 0.000354, 0.000301, 0.000256, 0.000218, 0.000187, 0.000162, 0.000143, 0.000129, 0.000120, 0.000115
0.000104, 0.000108, 0.000116, 0.000129, 0.000146, 0.000169, 0.000197, 0.000231, 0.000272, 0.000320, 0.000376, 0.000441, 0.000516, 0.000602, 0.000699, 0.000809, 0.000933, 0.001071, 0.001225, 0.001395, 0.001582, 0.001787, 0.002010, 0.002252, 0.002512, 0.002790, 0.003086, 0.003399, 0.003729, 0.004073, 0.004430, 0.004798, 0.005175, 0.005559, 0.005945, 0.006332, 0.006716, 0.007094, 0.007461, 0.007814, 0.008149, 0.008464, 0.008753, 0.009015, 0.009245, 0.009441, 0.009602, 0.009724, 0.009806, 0.009847, 0.009847, 0.009806, 0.009724, 0.009602, 0.009441, 0.009245, 0.009015, 0.008753, 0.008464, 0.008149, 0.007814, 0.007461, 0.007094, 0.006716, 0.006332, 0.005945, 0.005559, 0.005175, 0.004798, 0.004430, 0.004073, 0.003729, 0.003399, 0.003086, 0.002790, 0.002512, 0.002252, 0.002010, 0.001787, 0.001582, 0.001395, 0.001225, 0.001071, 0.000933, 0.000809, 0.000699, 0.000602, 0.000516, 0.000441, 0.000376, 0.000320, 0.000272, 0.000231, 0.000197, 0.000169, 0.000146, 0.000129, 0.000116, 0.000108, 0.000104
0.000098, 0.000102, 0.000110, 0.000122, 0.000138, 0.000160, 0.000186, 0.000218, 0.000257, 0.000302, 0.000355, 0.000416, 0.000487, 0.000568, 0.000660, 0.000764, 0.000881, 0.001011, 0.001156, 0.001317, 0.001494, 0.001687, 0.001898, 0.002126, 0.002371, 0.002634, 0.002914, 0.003209, 0.003520, 0.003845, 0.004182, 0.004530, 0.004886, 0.005248, 0.005613, 0.005979, 0.006341, 0.006697, 0.007044, 0.007378, 0.007694, 0.007991, 0.008265, 0.008511, 0.008729, 0.008914, 0.009066, 0.009181, 0.009258, 0.009297, 0.009297, 0.009258, 0.009181, 0.009066, 0.008914, 0.008729, 0.008511, 0.008265, 0.007991, 0.007694, 0.007378, 0.007044, 0.006697, 0.006341, 0.005979, 0.005613, 0.005248, 0.004886, 0.004530, 0.004182, 0.003845, 0.003520, 0.003209, 0.002914, 0.002634, 0.002371, 0.002126, 0.001898, 0.001687, 0.001494, 0.001317, 0.001156, 0.001011, 0.000881, 0.000764, 0.000660, 0.000568, 0.000487, 0.000416, 0.000355, 0.000302, 0.000257, 0.000218, 0.000186, 0.000160, 0.000138, 0.000122, 0.000110, 0.000102, 0.000098
0.000097, 0.000101, 0.000109, 0.000121, 0.000137, 0.000159, 0.000185, 0.000217, 0.000255, 0.000300, 0.000353, 0.000414, 0.000484, 0.000564, 0.000656, 0.000759, 0.000875, 0.001005, 0.001149, 0.001309, 0.001485, 0.001677, 0.001887, 0.002113, 0.002357, 0.002618, 0.002896, 0.003190, 0.003499, 0.003822, 0.004157, 0.004503, 0.004857, 0.005217, 0.005580, 0.005943, 0.006304, 0.006658, 0.007002, 0.007334, 0.007649, 0.007944, 0.008216, 0.008461, 0.008678, 0.008862, 0.009012, 0.009127, 0.009204, 0.009243, 0.009243, 0.009204, 0.009127, 0.009012, 0.008862, 0.008678, 0.008461, 0.008216, 0.007944, 0.007649, 0.007334, 0.007002, 0.006658, 0.006304, 0.005943, 0.005580, 0.005217, 0.004857, 0.004503, 0.004157, 0.003822, 0.003499, 0.003190, 0.002896, 0.002618, 0.002357, 0.002113, 0.001887, 0.001677, 0.001485, 0.001309, 0.001149, 0.001005, 0.000875, 0.000759, 0.000656, 0.000564, 0.000484, 0.000414, 0.000353, 0.000300, 0.000255, 0.000217, 0.000185, 0.000159, 0.000137, 0.000121, 0.000109, 0.000101, 0.000097
0.000102, 0.000106, 0.000114, 0.000127, 0.000144, 0.000166, 0.000193, 0.000227, 0.000267, 0.000314, 0.000369, 0.000433, 0.000507, 0.000591, 0.000687, 0.000795, 0.000916, 0.001052, 0.001204, 0.001371, 0.001555, 0.001756, 0.001975, 0.002213, 0.002468, 0.002742, 0.003033, 0.003341, 0.003664, 0.004002, 0.004353, 0.004716, 0.005086, 0.005463, 0.005843, 0.006224, 0.006601, 0.006972, 0.007333, 0.007680, 0.008010, 0.008319, 0.008604, 0.008861, 0.009087, 0.009280, 0.009438, 0.009558, 0.009638, 0.009679, 0.009679, 0.009638, 0.009558, 0.009438, 0.009280, 0.009087, 0.008861, 0.008604, 0.008319, 0.008010, 0.007680, 0.007333, 0.006972, 0.006601, 0.006224, 0.005843, 0.005463, 0.005086, 0.004716, 0.004353, 0.004002, 0.003664, 0.003341, 0.003033, 0.002742, 0.002468, 0.002213, 0.001975, 0.001756, 0.001555, 0.001371, 0.001204, 0.001052, 0.000916, 0.000795, 0.000687, 0.000591, 0.000507, 0.000433, 0.000369, 0.000314, 0.000267, 0.000227, 0.000193, 0.000166, 0.000144, 0.000127, 0.000114, 0.000106, 0.000102
0.000112, 0.000116, 0.000125, 0.000139, 0.000158, 0.000182, 0.000212, 0.000249, 0.000293, 0.000345, 0.000405, 0.000475, 0.000556, 0.000648, 0.000753, 0.000872, 0.001005, 0.001154, 0.001320, 0.001504, 0.001706, 0.001927, 0.002167, 0.002427, 0.002708, 0.003008, 0.003327, 0.003665, 0.004020, 0.004391, 0.004776, 0.005173, 0.005580, 0.005993, 0.006410, 0.006828, 0.007242, 0.007649, 0.008045, 0.008426, 0.008788, 0.009127, 0.009439, 0.009721, 0.009969, 0.010181, 0.010354, 0.010486, 0.010574, 0.010619, 0.010619, 0.010574, 0.010486, 0.010354, 0.010181, 0.009969, 0.009721, 0.009439, 0.009127, 0.008788, 0.008426, 0.008045, 0.007649, 0.007242, 0.006828, 0.006410, 0.005993, 0.005580, 0.005173, 0.004776, 0.004391, 0.004020, 0.003665, 0.003327, 0.003008, 0.002708, 0.002427, 0.002167, 0.001927, 0.001706, 0.001504, 0.001320, 0.001154, 0.001005, 0.000872, 0.000753, 0.000648, 0.000556, 0.000475, 0.000405, 0.000345, 0.000293, 0.000249, 0.000212, 0.000182, 0.000158, 0.000139, 0.000125, 0.000116, 0.000112
0.000127, 0.000132, 0.000142, 0.000158, 0.000180, 0.000207, 0.000242, 0.000283, 0.000333, 0.000392, 0.000461, 0.000541, 0.000633, 0.000738, 0.000858, 0.000993, 0.001144, 0.001314, 0.001503, 0.001712, 0.001942, 0.002193, 0.002467, 0.002764, 0.003083, 0.003424, 0.003788, 0.004172, 0.004576, 0.004999, 0.005437, 0.005890, 0.006353, 0.006823, 0.007298, 0.007774, 0.008245, 0.008708, 0.009159, 0.009593, 0.010005, 0.010391, 0.010747, 0.011068, 0.011351, 0.011592, 0.011788, 0.011938, 0.012039, 0.012090, 0.012090, 0.012039, 0.011938, 0.011788, 0.011592, 0.011351, 0.011068, 0.010747, 0.010391, 0.010005, 0.009593, 0.009159, 0.008708, 0.008245, 0.007774, 0.007298, 0.006823, 0.006353, 0.005890, 0.005437, 0.004999, 0.004576, 0.004172, 0.003788, 0.003424, 0.003083, 0.002764, 0.002467, 0.002193, 0.001942, 0.001712, 0.001503, 0.001314, 0.001144, 0.000993, 0.000858, 0.000738, 0.000633, 0.000541, 0.000461, 0.000392, 0.000333, 0.000283, 0.000242, 0.000207, 0.000180, 0.000158, 0.000142, 0.000132, 0.000127
0.000149, 0.000155, 0.000167, 0.000185, 0.000210, 0.000242, 0.000282, 0.000331, 0.000390, 0.000459, 0.000539, 0.000633, 0.000740, 0.000863, 0.001003, 0.001161, 0.001338, 0.001537, 0.001757, 0.002002, 0.002270, 0.002564, 0.002885, 0.003231, 0.003604, 0.004004, 0.004429, 0.004878, 0.005351, 0.005845, 0.006358, 0.006886, 0.007428, 0.007978, 0.008534, 0.009089, 0.009641, 0.010182, 0.010709, 0.011217, 0.011698, 0.012150, 0.012566, 0.012941, 0.013272, 0.013554, 0.013784, 0.013959, 0.014077, 0.014136, 0.014136, 0.014077, 0.013959, 0.013784, 0.013554, 0.013272, 0.012941, 0.012566, 0.012150, 0.011698, 0.011217, 0.010709, 0.010182, 0.009641, 0.009089, 0.008534, 0.007978, 0.007428, 0.006886, 0.006358, 0.005845, 0.005351, 0.004878, 0.004429, 0.004004, 0.003604, 0.003231, 0.002885, 0.002564, 0.002270, 0.002002, 0.001757, 0.001537, 0.001338, 0.001161, 0.001003, 0.000863, 0.000740, 0.000633, 0.000539, 0.000459, 0.000390, 0.000331, 0.000282, 0.000242, 0.000210, 0.000185, 0.000167, 0.000155, 0.000149
0.000177, 0.000184, 0.000198, 0.000220, 0.000250, 0.000288, 0.000336, 0.000394, 0.000464, 0.000546, 0.000641, 0.000752, 0.000880, 0.001027, 0.001193, 0.001381, 0.001592, 0.001828, 0.002091, 0.002381, 0.002701, 0.003051, 0.003432, 0.003844, 0.004288, 0.004763, 0.005269, 0.005804, 0.006366, 0.006954, 0.007564, 0.008193, 0.008837, 0.009492, 0.010153, 0.010814, 0.011470, 0.012114, 0.012742, 0.013345, 0.013918, 0.014455, 0.014950, 0.015397, 0.015790, 0.016126, 0.016400, 0.016608, 0.016748, 0.016819, 0.016819, 0.016748, 0.016608, 0.016400, 0.016126, 0.015790, 0.015397, 0.014950, 0.014455, 0.013918, 0.013345, 0.012742, 0.012114, 0.011470, 0.010814, 0.010153, 0.009492, 0.008837, 0.008193, 0.007564, 0.006954, 0.006366, 0.005804, 0.005269, 0.004763, 0.004288, 0.003844, 0.003432, 0.003051, 0.002701, 0.002381, 0.002091, 0.001828, 0.001592, 0.001381, 0.001193, 0.001027, 0.000880, 0.000752, 0.000641, 0.000546, 0.000464, 0.000394, 0.000336, 0.000288, 0.000250, 0.000220, 0.000198, 0.000184, 0.000177
0.000213, 0.000221, 0.000238, 0.000264, 0.000300, 0.000346, 0.000404, 0.000474, 0.000557, 0.000656, 0.000771, 0.000904, 0.001058, 0.001234, 0.001434, 0.001659, 0.001913, 0.002197, 0.002513, 0.002862, 0.003246, 0.003667, 0.004125, 0.004620, 0.005154, 0.005725, 0.006333, 0.006975, 0.007651, 0.008358, 0.009091, 0.009847, 0.010621, 0.011408, 0.012202, 0.012997, 0.013785, 0.014560, 0.015314, 0.016039, 0.016728, 0.017373, 0.017968, 0.018505, 0.018978, 0.019381, 0.019710, 0.019961, 0.020129, 0.020214, 0.020214, 0.020129, 0.019961, 0.019710, 0.019381, 0.018978, 0.018505, 0.017968, 0.017373, 0.016728, 0.016039, 0.015314, 0.014560, 0.013785, 0.012997, 0.012202, 0.011408, 0.010621, 0.009847, 0.009091, 0.008358, 0.007651, 0.006975, 0.006333, 0.005725, 0.005154, 0.004620, 0.004125, 0.003667, 0.003246, 0.002862, 0.002513, 0.002197, 0.001913, 0.001659, 0.001434, 0.001234, 0.001058, 0.000904, 0.000771, 0.000656, 0.000557, 0.000474, 0.000404, 0.000346, 0.000300, 0.000264, 0.000238, 0.000221, 0.000213
0.000257, 0.000267, 0.000288, 0.000319, 0.000363, 0.000418, 0.000488, 0.000572, 0.000673, 0.000792, 0.000931, 0.001092, 0.001278, 0.001490, 0.001732, 0.002004, 0.002311, 0.002654, 0.003035, 0.003457, 0.003921, 0.004429, 0.004982, 0.005581, 0.006225, 0.006915, 0.007649, 0.008425, 0.009242, 0.010095, 0.010980, 0.011894, 0.012829, 0.013780, 0.014739, 0.015699, 0.016651, 0.017586, 0.018497, 0.019373, 0.020205, 0.020985, 0.021703, 0.022351, 0.022923, 0.023410, 0.023807, 0.024110, 0.024313, 0.024416, 0.024416, 0.024313, 0.024110, 0.023807, 0.023410, 0.022923, 0.022351, 0.021703, 0.020985, 0.020205, 0.019373, 0.018497, 0.017587, 0.016651, 0.015699, 0.014739, 0.013780, 0.012829, 0.011894, 0.010981, 0.010095, 0.009242, 0.008425, 0.007649, 0.006915, 0.006225, 0.005581, 0.004982, 0.004429, 0.003921, 0.003457, 0.003035, 0.002654, 0.002311, 0.002004, 0.001732, 0.001490, 0.001278, 0.001092, 0.000931, 0.000792, 0.000673, 0.000572, 0.000488, 0.000418, 0.000363, 0.000319, 0.000288, 0.000267, 0.000257
0.000311, 0.000323, 0.000348, 0.000386, 0.000439, 0.000506, 0.000590, 0.000692, 0.000814, 0.000958, 0.001126, 0.001321, 0.001546, 0.001803, 0.002095, 0.002425, 0.002795, 0.003210, 0.003671, 0.004182, 0.004743, 0.005358, 0.006026, 0.006751, 0.007530, 0.008364, 0.009252, 0.010192, 0.011179, 0.012211, 0.013282, 0.014387, 0.015518, 0.016668, 0.017829, 0.018990, 0.020141, 0.021273, 0.022375, 0.023434, 0.024441, 0.025384, 0.026253, 0.027037, 0.027728, 0.028318, 0.028798, 0.029164, 0.029410, 0.029534, 0.029534, 0.029410, 0.029164, 0.028798, 0.028318, 0.027728, 0.027037, 0.026253, 0.025384, 0.024441, 0.023434, 0.022375, 0.021273, 0.020141, 0.018990, 0.017829, 0.016669, 0.015519, 0.014387, 0.013283, 0.012211, 0.011179, 0.010192, 0.009252, 0.008364, 0.007530, 0.006751, 0.006027, 0.005358, 0.004743, 0.004182, 0.003671, 0.003210, 0.002796, 0.002425, 0.002095, 0.001803, 0.001546, 0.001321, 0.001126, 0.000958, 0.000814, 0.000692, 0.000590, 0.000506, 0.000439, 0.000386, 0.000348, 0.000323, 0.000311
0.000375, 0.000390, 0.000421, 0.000467, 0.000530, 0.000612, 0.000713, 0.000837, 0.000984, 0.001158, 0.001361, 0.001597, 0.001869, 0.002179, 0.002532, 0.002931, 0.003379, 0.003880, 0.004438, 0.005054, 0.005733, 0.006476, 0.007284, 0.008159, 0.009101, 0.010110, 0.011183, 0.012318, 0.013512, 0.014759, 0.016054, 0.017389, 0.018757, 0.020147, 0.021549, 0.022952, 0.024344, 0.025712, 0.027043, 0.028324, 0.029541, 0.030680, 0.031730, 0.032679, 0.033514, 0.034226, 0.034807, 0.035249, 0.035547, 0.035697, 0.035697, 0.035547, 0.035249, 0.034807, 0.034226, 0.033514, 0.032679, 0.031730, 0.030680, 0.029541, 0.028324, 0.027043, 0.025712, 0.024344, 0.022952, 0.021549, 0.020147, 0.018757, 0.017389, 0.016054, 0.014759, 0.013512, 0.012318, 0.011183, 0.010110, 0.009101, 0.008159, 0.007284, 0.006476, 0.005733, 0.005054, 0.004438, 0.003880, 0.003379, 0.002931, 0.002532, 0.002179, 0.001869, 0.001597, 0.001361, 0.001158, 0.000984, 0.000837, 0.000713, 0.000612, 0.000530, 0.000467, 0.000421, 0.000390, 0.000375
0.000453, 0.000471, 0.000507, 0.000563, 0.000639, 0.000738, 0.000860, 0.001009, 0.001187, 0.001396, 0.001642, 0.001926, 0.002253, 0.002628, 0.003053, 0.003534, 0.004075, 0.004679, 0.005351, 0.006095, 0.006913, 0.007809, 0.008784, 0.009839, 0.010975, 0.012192, 0.013486, 0.014855, 0.016294, 0.017798, 0.019360, 0.020970, 0.022619, 0.024295, 0.025986, 0.027678, 0.029357, 0.031007, 0.032612, 0.034156, 0.035623, 0.036998, 0.038264, 0.039408, 0.040415, 0.041274, 0.041974, 0.042507, 0.042867, 0.043047, 0.043047, 0.042867, 0.042507, 0.041974, 0.041274, 0.040415, 0.039408, 0.038264, 0.036998, 0.035624, 0.034156, 0.032612, 0.031007, 0.029357, 0.027678, 0.025986, 0.024295, 0.022619, 0.020970, 0.019360, 0.017798, 0.016294, 0.014855, 0.013486, 0.012192, 0.010976, 0.009839, 0.008784, 0.007809, 0.006914, 0.006095, 0.005351, 0.004679, 0.004075, 0.003534, 0.003053, 0.002628, 0.002253, 0.001926, 0.001642, 0.001396, 0.001187, 0.001009, 0.000860, 0.000738, 0.000639, 0.000563, 0.000507, 0.000471, 0.000453
0.000544, 0.000566, 0.000610, 0.000677, 0.000769, 0.000887, 0.001034, 0.001213, 0.001426, 0.001679, 0.001973, 0.002315, 0.002709, 0.003159, 0.003670, 0.004248, 0.004898, 0.005625, 0.006433, 0.007327, 0.008311, 0.009387, 0.010559, 0.011828, 0.013193, 0.014655, 0.016211, 0.017857, 0.019587, 0.021395, 0.023272, 0.025208, 0.027190, 0.029205, 0.031237, 0.033271, 0.035289, 0.037272, 0.039202, 0.041058, 0.042822, 0.044474, 0.045996, 0.047371, 0.048582, 0.049614, 0.050456, 0.051097, 0.051529, 0.051746, 0.051746, 0.051529, 0.051097, 0.050456, 0.049614, 0.048582, 0.047371, 0.045996, 0.044474, 0.042822, 0.041058, 0.039202, 0.037273, 0.035289, 0.033272, 0.031238, 0.029205, 0.027190, 0.025208, 0.023272, 0.021395, 0.019587, 0.017857, 0.016211, 0.014655, 0.013194, 0.011828, 0.010559, 0.009387, 0.008311, 0.007327, 0.006433, 0.005625, 0.004898, 0.004248, 0.003670, 0.003159, 0.002709, 0.002315, 0.001974, 0.001679, 0.001426, 0.001213, 0.001034, 0.000887, 0.000769, 0.000677, 0.000610, 0.000566, 0.000544
0.000652, 0.000678, 0.000730, 0.000811, 0.000920, 0.001062, 0.001238, 0.001452, 0.001708, 0.002010, 0.002363, 0.002773, 0.003244, 0.003783, 0.004395, 0.005088, 0.005866, 0.006736, 0.007704, 0.008775, 0.009953, 0.011242, 0.012645, 0.014165, 0.015800, 0.017551, 0.019414, 0.021385, 0.023457, 0.025622, 0.027870, 0.030188, 0.032562, 0.034975, 0.037409, 0.039845, 0.042261, 0.044636, 0.046947, 0.049170, 0.051282, 0.053261, 0.055084, 0.056730, 0.058180, 0.059416, 0.060425, 0.061192, 0.061709, 0.061969, 0.061969, 0.061709, 0.061192, 0.060425, 0.059416, 0.058180, 0.056730, 0.055084, 0.053261, 0.051283, 0.049170, 0.046947, 0.044636, 0.042261, 0.039845, 0.037409, 0.034975, 0.032562, 0.030188, 0.027870, 0.025622, 0.023457, 0.021385, 0.019414, 0.017551, 0.015800, 0.014165, 0.012646, 0.011242, 0.009953, 0.008775, 0.007704, 0.006736, 0.005866, 0.005088, 0.004395, 0.003783, 0.003244, 0.002773, 0.002363, 0.002010, 0.001708, 0.001452, 0.001238, 0.001062, 0.000920, 0.000811, 0.000730, 0.000678, 0.000652
0.000777, 0.000808, 0.000871, 0.000967, 0.001098, 0.001267, 0.001477, 0.001732, 0.002037, 0.002398, 0.002819, 0.003307, 0.003869, 0.004512, 0.005242, 0.006068, 0.006996, 0.008034, 0.009188, 0.010465, 0.011870, 0.013408, 0.015082, 0.016894, 0.018844, 0.020932, 0.023154, 0.025505, 0.027976, 0.030559, 0.033239, 0.036004, 0.038835, 0.041713, 0.044616, 0.047521, 0.050403, 0.053235, 0.055991, 0.058643, 0.061162, 0.063522, 0.065695, 0.067659, 0.069388, 0.070863, 0.072065, 0.072980, 0.073597, 0.073907, 0.073907, 0.073597, 0.072981, 0.072065, 0.070863, 0.069388, 0.067659, 0.065696, 0.063522, 0.061162, 0.058643, 0.055991, 0.053236, 0.050403, 0.047521, 0.044616, 0.041713, 0.038835, 0.036004, 0.033240, 0.030559, 0.027976, 0.025505, 0.023154, 0.020932, 0.018844, 0.016894, 0.015082, 0.013408, 0.011870, 0.010465, 0.009188, 0.008034, 0.006996, 0.006068, 0.005242, 0.004512, 0.003869, 0.003307, 0.002819, 0.002398, 0.002037, 0.001732, 0.001477, 0.001267, 0.001098, 0.000967, 0.000871, 0.000808, 0.000777
0.000923, 0.000960, 0.001034, 0.001148, 0.001304, 0.001504, 0.001754, 0.002057, 0.002419, 0.002847, 0.003347, 0.003927, 0.004594, 0.005358, 0.006225, 0.007206, 0.008308, 0.009540, 0.010911, 0.012427, 0.014096, 0.015922, 0.017910, 0.020061, 0.022378, 0.024857, 0.027496, 0.030287, 0.033222, 0.036288, 0.039472, 0.042754, 0.046116, 0.049533, 0.052981, 0.056431, 0.059853, 0.063217, 0.066489, 0.069638, 0.072629, 0.075431, 0.078013, 0.080344, 0.082397, 0.084149, 0.085577, 0.086663, 0.087396, 0.087764, 0.087764, 0.087396, 0.086663, 0.085577, 0.084149, 0.082397, 0.080344, 0.078013, 0.075431, 0.072629, 0.069638, 0.066489, 0.063217, 0.059853, 0.056431, 0.052981, 0.049534, 0.046116, 0.042755, 0.039472, 0.036288, 0.033222, 0.030287, 0.027496, 0.024857, 0.022378, 0.020061, 0.017910, 0.015922, 0.014096, 0.012428, 0.010911, 0.009541, 0.008308, 0.007206, 0.006225, 0.005358, 0.004595, 0.003927, 0.003347, 0.002847, 0.002419, 0.002057, 0.001754, 0.001504, 0.001304, 0.001148, 0.001034, 0.000960, 0.000923
0.001091, 0.001135, 0.001223, 0.001357, 0.001541, 0.001778, 0.002073, 0.002432, 0.002860, 0.003366, 0.003957, 0.004643, 0.005432, 0.006334, 0.007359, 0.008519, 0.009822, 0.011279, 0.012899, 0.014692, 0.016664, 0.018823, 0.021173, 0.023717, 0.026455, 0.029386, 0.032505, 0.035805, 0.039275, 0.042900, 0.046663, 0.050544, 0.054518, 0.058558, 0.062634, 0.066712, 0.070758, 0.074734, 0.078603, 0.082325, 0.085861, 0.089174, 0.092226, 0.094982, 0.097409, 0.099480, 0.101168, 0.102452, 0.103318, 0.103754, 0.103754, 0.103318, 0.102452, 0.101168, 0.099480, 0.097409, 0.094982, 0.092226, 0.089174, 0.085862, 0.082325, 0.078603, 0.074734, 0.070758, 0.066712, 0.062634, 0.058558, 0.054518, 0.050544, 0.046663, 0.042900, 0.039275, 0.035805, 0.032505, 0.029386, 0.026455, 0.023717, 0.021173, 0.018823, 0.016664, 0.014692, 0.012899, 0.011279, 0.009822, 0.008519, 0.007359, 0.006334, 0.005432, 0.004643, 0.003957, 0.003366, 0.002860, 0.002432, 0.002073, 0.001778, 0.001541, 0.001357, 0.001223, 0.001135, 0.001091
0.001284, 0.001335, 0.001439, 0.001597, 0.001814, 0.002093, 0.002440, 0.002862, 0.003366, 0.003962, 0.004657, 0.005464, 0.006392, 0.007454, 0.008661, 0.010025, 0.011559, 0.013273, 0.015180, 0.017290, 0.019611, 0.022152, 0.024917, 0.027910, 0.031133, 0.034582, 0.038253, 0.042136, 0.046219, 0.050485, 0.054914, 0.059481, 0.064158, 0.068912, 0.073709, 0.078508, 0.083269, 0.087949, 0.092501, 0.096881, 0.101043, 0.104941, 0.108533, 0.111776, 0.114633, 0.117069, 0.119056, 0.120567, 0.121586, 0.122099, 0.122099, 0.121586, 0.120568, 0.119056, 0.117069, 0.114633, 0.111776, 0.108533, 0.104942, 0.101043, 0.096882, 0.092501, 0.087949, 0.083269, 0.078508, 0.073709, 0.068913, 0.064158, 0.059482, 0.054915, 0.050486, 0.046219, 0.042136, 0.038253, 0.034583, 0.031133, 0.027911, 0.024917, 0.022152, 0.019611, 0.017290, 0.015180, 0.013273, 0.011559, 0.010025, 0.008661, 0.007454, 0.006392, 0.005464, 0.004657, 0.003962, 0.003366, 0.002862, 0.002440, 0.002093, 0.001814, 0.001597, 0.001439, 0.001335, 0.001284
0.001504, 0.001564, 0.001686, 0.001871, 0.002125, 0.002452, 0.002858, 0.003353, 0.003943, 0.004641, 0.005456, 0.006401, 0.007488, 0.008732, 0.010146, 0.011744, 0.013540, 0.015549, 0.017783, 0.020254, 0.022973, 0.025949, 0.029188, 0.032695, 0.036470, 0.040510, 0.044810, 0.049359, 0.054142, 0.059139, 0.064327, 0.069677, 0.075155, 0.080725, 0.086343, 0.091965, 0.097542, 0.103023, 0.108356, 0.113487, 0.118362, 0.122929, 0.127136, 0.130935, 0.134281, 0.137135, 0.139462, 0.141233, 0.142426, 0.143027, 0.143027, 0.142426, 0.141233, 0.139462, 0.137135, 0.134281, 0.130935, 0.127136, 0.122929, 0.118363, 0.113487, 0.108357, 0.103024, 0.097542, 0.091965, 0.086343, 0.080725, 0.075156, 0.069677, 0.064328, 0.059140, 0.054142, 0.049359, 0.044810, 0.040511, 0.036470, 0.032695, 0.029188, 0.025949, 0.022973, 0.020254, 0.017783, 0.015549, 0.013540, 0.011744, 0.010146, 0.008732, 0.007488, 0.006401, 0.005456, 0.004641, 0.003943, 0.003353, 0.002858, 0.002452, 0.002125, 0.001871, 0.001686, 0.001564, 0.001504
0.001754, 0.001824, 0.001966, 0.002182, 0.002478, 0.002859, 0.003333, 0.003909, 0.004598, 0.005411, 0.006361, 0.007463, 0.008731, 0.010181, 0.011830, 0.013693, 0.015788, 0.018130, 0.020734, 0.023616, 0.026786, 0.030256, 0.034033, 0.038122, 0.042523, 0.047235, 0.052248, 0.057552, 0.063129, 0.068955, 0.075005, 0.081242, 0.087630, 0.094123, 0.100674, 0.107229, 0.113732, 0.120123, 0.126341, 0.132324, 0.138008, 0.143332, 0.148237, 0.152667, 0.156569, 0.159896, 0.162609, 0.164675, 0.166066, 0.166766, 0.166766, 0.166066, 0.164675, 0.162610, 0.159897, 0.156569, 0.152667, 0.148237, 0.143332, 0.138008, 0.132324, 0.126342, 0.120124, 0.113733, 0.107230, 0.100675, 0.094124, 0.087630, 0.081243, 0.075005, 0.068956, 0.063129, 0.057552, 0.052248, 0.047235, 0.042524, 0.038122, 0.034033, 0.030256, 0.026786, 0.023616, 0.020735, 0.018130, 0.015788, 0.013693, 0.011830, 0.010181, 0.008731, 0.007463, 0.006362, 0.005411, 0.004598, 0.003909, 0.003333, 0.002859, 0.002478, 0.002182, 0.001966, 0.001824, 0.001754
0.002036, 0.002117, 0.002281, 0.002533, 0.002876, 0.003318, 0.003868, 0.004537, 0.005336, 0.006280, 0.007383, 0.008662, 0.010133, 0.011816, 0.013729, 0.015892, 0.018323, 0.021041, 0.024064, 0.027408, 0.031087, 0.035114, 0.039498, 0.044243, 0.049351, 0.054819, 0.060637, 0.066793, 0.073265, 0.080027, 0.087047, 0.094286, 0.101700, 0.109236, 0.116838, 0.124445, 0.131992, 0.139410, 0.146626, 0.153569, 0.160165, 0.166344, 0.172037, 0.177177, 0.181706, 0.185568, 0.188717, 0.191113, 0.192728, 0.193540, 0.193540, 0.192728, 0.191113, 0.188717, 0.185568, 0.181706, 0.177178, 0.172037, 0.166345, 0.160166, 0.153569, 0.146626, 0.139410, 0.131993, 0.124446, 0.116839, 0.109236, 0.101700, 0.094287, 0.087048, 0.080027, 0.073265, 0.066793, 0.060638, 0.054819, 0.049351, 0.044243, 0.039498, 0.035115, 0.031088, 0.027408, 0.024064, 0.021041, 0.018323, 0.015892, 0.013730, 0.011816, 0.010133, 0.008662, 0.007383, 0.006280, 0.005336, 0.004537, 0.003868, 0.003318, 0.002876, 0.002533, 0.002281, 0.002117, 0.002036
0.002352, 0.002446, 0.002635, 0.002926, 0.003322, 0.003833, 0.004468, 0.005241, 0.006164, 0.007254, 0.008529, 0.010006, 0.011706, 0.013650, 0.015860, 0.018358, 0.021166, 0.024306, 0.027797, 0.031660, 0.035911, 0.040562, 0.045626, 0.051107, 0.057008, 0.063324, 0.070045, 0.077155, 0.084631, 0.092442, 0.100552, 0.108914, 0.117477, 0.126182, 0.134964, 0.143752, 0.152469, 0.161037, 0.169373, 0.177392, 0.185012, 0.192150, 0.198726, 0.204664, 0.209894, 0.214355, 0.217992, 0.220761, 0.222626, 0.223564, 0.223564, 0.222626, 0.220761, 0.217993, 0.214356, 0.209895, 0.204664, 0.198726, 0.192150, 0.185013, 0.177393, 0.169373, 0.161037, 0.152470, 0.143752, 0.134965, 0.126183, 0.117478, 0.108915, 0.100552, 0.092443, 0.084632, 0.077156, 0.070045, 0.063324, 0.057008, 0.051107, 0.045626, 0.040563, 0.035911, 0.031660, 0.027798, 0.024306, 0.021166, 0.018358, 0.015860, 0.013650, 0.011706, 0.010006, 0.008529, 0.007255, 0.006164, 0.005241, 0.004468, 0.003833, 0.003322, 0.002926, 0.002635, 0.002446, 0.002352
0.002704, 0.002812, 0.003030, 0.003364, 0.003819, 0.004407, 0.005138, 0.006026, 0.007088, 0.008341, 0.009806, 0.011504, 0.013459, 0.015694, 0.018235, 0.021107, 0.024336, 0.027945, 0.031960, 0.036401, 0.041288, 0.046636, 0.052458, 0.058760, 0.065544, 0.072806, 0.080533, 0.088708, 0.097304, 0.106285, 0.115608, 0.125222, 0.135068, 0.145076, 0.155173, 0.165276, 0.175299, 0.185149, 0.194733, 0.203953, 0.212714, 0.220920, 0.228480, 0.235307, 0.241321, 0.246450, 0.250632, 0.253814, 0.255959, 0.257038, 0.257038, 0.255959, 0.253814, 0.250632, 0.246450, 0.241321, 0.235308, 0.228481, 0.220921, 0.212715, 0.203954, 0.194733, 0.185150, 0.175299, 0.165277, 0.155173, 0.145077, 0.135068, 0.125223, 0.115609, 0.106285, 0.097304, 0.088709, 0.080534, 0.072806, 0.065545, 0.058760, 0.052458, 0.046637, 0.041288, 0.036402, 0.031960, 0.027946, 0.024336, 0.021107, 0.018235, 0.015694, 0.013459, 0.011504, 0.009806, 0.008341, 0.007088, 0.006026, 0.005138, 0.004407, 0.003819, 0.003364, 0.003030, 0.002812, 0.002704
0.003094, 0.003218, 0.003468, 0.003849, 0.004371, 0.005043, 0.005879, 0.006896, 0.008111, 0.009545, 0.011222, 0.013165, 0.015402, 0.017960, 0.020867, 0.024154, 0.027849, 0.031980, 0.036574, 0.041656, 0.047248, 0.053369, 0.060031, 0.067242, 0.075006, 0.083315, 0.092158, 0.101513, 0.111349, 0.121627, 0.132296, 0.143298, 0.154564, 0.166017, 0.177571, 0.189132, 0.200602, 0.211874, 0.222841, 0.233392, 0.243417, 0.252808, 0.261459, 0.269271, 0.276153, 0.282023, 0.286808, 0.290450, 0.292904, 0.294139, 0.294139, 0.292904, 0.290450, 0.286808, 0.282023, 0.276154, 0.269272, 0.261459, 0.252808, 0.243418, 0.233393, 0.222841, 0.211875, 0.200602, 0.189133, 0.177572, 0.166018, 0.154565, 0.143298, 0.132296, 0.121627, 0.111350, 0.101514, 0.092159, 0.083316, 0.075006, 0.067243, 0.060031, 0.053369, 0.047249, 0.041657, 0.036574, 0.031980, 0.027849, 0.024154, 0.020867, 0.017960, 0.015402, 0.013165, 0.011222, 0.009545, 0.008111, 0.006896, 0.005880, 0.005043, 0.004371, 0.003849, 0.003468, 0.003218, 0.003094
0.003524, 0.003665, 0.003950, 0.004384, 0.004979, 0.005744, 0.006697, 0.007855, 0.009238, 0.010872, 0.012781, 0.014995, 0.017542, 0.020456, 0.023768, 0.027511, 0.031719, 0.036425, 0.041657, 0.047446, 0.053815, 0.060786, 0.068374, 0.076588, 0.085430, 0.094895, 0.104967, 0.115622, 0.126824, 0.138530, 0.150682, 0.163213, 0.176045, 0.189089, 0.202249, 0.215417, 0.228480, 0.241318, 0.253809, 0.265827, 0.277245, 0.287941, 0.297794, 0.306692, 0.314531, 0.321216, 0.326666, 0.330814, 0.333609, 0.335015, 0.335015, 0.333609, 0.330814, 0.326666, 0.321216, 0.314531, 0.306693, 0.297795, 0.287942, 0.277246, 0.265828, 0.253810, 0.241319, 0.228481, 0.215418, 0.202250, 0.189090, 0.176046, 0.163214, 0.150683, 0.138531, 0.126825, 0.115622, 0.104967, 0.094895, 0.085431, 0.076588, 0.068374, 0.060787, 0.053816, 0.047446, 0.041658, 0.036425, 0.031720, 0.027512, 0.023768, 0.020456, 0.017543, 0.014995, 0.012782, 0.010872, 0.009238, 0.007855, 0.006697, 0.005744, 0.004979, 0.004385, 0.003950, 0.003665, 0.003524
0.003996, 0.004155, 0.004478, 0.004971, 0.005644, 0.006512, 0.007592, 0.008904, 0.010473, 0.012325, 0.014490, 0.016999, 0.019887, 0.023190, 0.026944, 0.031188, 0.035959, 0.041292, 0.047224, 0.053787, 0.061007, 0.068909, 0.077511, 0.086823, 0.096846, 0.107576, 0.118993, 0.131072, 0.143772, 0.157042, 0.170817, 0.185022, 0.199569, 0.214356, 0.229274, 0.244201, 0.259010, 0.273564, 0.287724, 0.301347, 0.314291, 0.326416, 0.337586, 0.347673, 0.356559, 0.364137, 0.370315, 0.375018, 0.378186, 0.379780, 0.379780, 0.378186, 0.375018, 0.370315, 0.364137, 0.356559, 0.347673, 0.337587, 0.326417, 0.314292, 0.301348, 0.287725, 0.273565, 0.259011, 0.244202, 0.229275, 0.214357, 0.199570, 0.185023, 0.170818, 0.157042, 0.143773, 0.131073, 0.118994, 0.107576, 0.096847, 0.086823, 0.077512, 0.068910, 0.061007, 0.053787, 0.047225, 0.041293, 0.035959, 0.031188, 0.026944, 0.023190, 0.019887, 0.016999, 0.014490, 0.012325, 0.010473, 0.008904, 0.007592, 0.006512, 0.005644, 0.004971, 0.004478, 0.004155, 0.003996
0.004508, 0.004688, 0.005052, 0.005608, 0.006368, 0.007348, 0.008566, 0.010047, 0.011817, 0.013907, 0.016349, 0.019180, 0.022439, 0.026165, 0.030402, 0.035190, 0.040572, 0.046591, 0.053284, 0.060688, 0.068835, 0.077751, 0.087456, 0.097962, 0.109272, 0.121378, 0.134260, 0.147888, 0.162217, 0.177189, 0.192732, 0.208759, 0.225172, 0.241856, 0.258688, 0.275530, 0.292238, 0.308660, 0.324636, 0.340007, 0.354612, 0.368292, 0.380895, 0.392276, 0.402301, 0.410852, 0.417822, 0.423128, 0.426703, 0.428501, 0.428502, 0.426703, 0.423128, 0.417823, 0.410852, 0.402302, 0.392276, 0.380896, 0.368293, 0.354613, 0.340008, 0.324637, 0.308661, 0.292239, 0.275531, 0.258689, 0.241857, 0.225173, 0.208760, 0.192733, 0.177190, 0.162218, 0.147889, 0.134261, 0.121378, 0.109273, 0.097963, 0.087457, 0.077751, 0.068835, 0.060688, 0.053284, 0.046591, 0.040573, 0.035190, 0.030402, 0.026166, 0.022439, 0.019180, 0.016349, 0.013907, 0.011817, 0.010047, 0.008566, 0.007348, 0.006368, 0.005608, 0.005052, 0.004688, 0.004508
0.005063, 0.005265, 0.005674, 0.006298, 0.007152, 0.008252, 0.009620, 0.011283, 0.013271, 0.015617, 0.018360, 0.021539, 0.025199, 0.029384, 0.034141, 0.039518, 0.045563, 0.052321, 0.059837, 0.068152, 0.077301, 0.087314, 0.098213, 0.110011, 0.122711, 0.136306, 0.150773, 0.166077, 0.182168, 0.198981, 0.216435, 0.234433, 0.252864, 0.271600, 0.290502, 0.309415, 0.328178, 0.346619, 0.364560, 0.381821, 0.398222, 0.413584, 0.427737, 0.440517, 0.451776, 0.461378, 0.469206, 0.475164, 0.479178, 0.481198, 0.481198, 0.479178, 0.475164, 0.469206, 0.461378, 0.451776, 0.440518, 0.427738, 0.413585, 0.398223, 0.381822, 0.364561, 0.346620, 0.328180, 0.309417, 0.290503, 0.271601, 0.252865, 0.234434, 0.216436, 0.198982, 0.182169, 0.166078, 0.150774, 0.136307, 0.122712, 0.110012, 0.098213, 0.087314, 0.077301, 0.068153, 0.059838, 0.052322, 0.045563, 0.039519, 0.034141, 0.029384, 0.025199, 0.021540, 0.018360, 0.015617, 0.013271, 0.011283, 0.009620, 0.008252, 0.007152, 0.006298, 0.005674, 0.005265, 0.005063
0.005659, 0.005885, 0.006342, 0.007040, 0.007994, 0.009223, 0.010752, 0.012611, 0.014833, 0.017456, 0.020521, 0.024075, 0.028165, 0.032843, 0.038160, 0.044170, 0.050926, 0.058480, 0.066881, 0.076174, 0.086400, 0.097591, 0.109772, 0.122959, 0.137155, 0.152349, 0.168518, 0.185623, 0.203608, 0.222400, 0.241908, 0.262024, 0.282624, 0.303566, 0.324691, 0.345831, 0.366802, 0.387413, 0.407465, 0.426758, 0.445088, 0.462259, 0.478077, 0.492361, 0.504945, 0.515676, 0.524425, 0.531085, 0.535571, 0.537829, 0.537829, 0.535571, 0.531085, 0.524426, 0.515677, 0.504945, 0.492362, 0.478078, 0.462260, 0.445090, 0.426759, 0.407466, 0.387414, 0.366803, 0.345832, 0.324693, 0.303567, 0.282626, 0.262026, 0.241909, 0.222401, 0.203609, 0.185624, 0.168519, 0.152350, 0.137155, 0.122960, 0.109773, 0.097591, 0.086400, 0.076175, 0.066881, 0.058480, 0.050926, 0.044170, 0.038160, 0.032843, 0.028165, 0.024075, 0.020522, 0.017456, 0.014833, 0.012611, 0.010753, 0.009223, 0.007994, 0.007040, 0.006342, 0.005885, 0.005659
0.006296, 0.006547, 0.007055, 0.007832, 0.008893, 0.010260, 0.011962, 0.014029, 0.016501, 0.019419, 0.022829, 0.026782, 0.031332, 0.036536, 0.042451, 0.049136, 0.056652, 0.065055, 0.074401, 0.084739, 0.096114, 0.108563, 0.122114, 0.136784, 0.152575, 0.169477, 0.187464, 0.206492, 0.226499, 0.247403, 0.269104, 0.291482, 0.314398, 0.337693, 0.361194, 0.384710, 0.408038, 0.430966, 0.453273, 0.474734, 0.495125, 0.514225, 0.531821, 0.547712, 0.561709, 0.573647, 0.583380, 0.590788, 0.595779, 0.598290, 0.598290, 0.595779, 0.590788, 0.583381, 0.573648, 0.561710, 0.547713, 0.531823, 0.514226, 0.495126, 0.474735, 0.453274, 0.430967, 0.408040, 0.384711, 0.361195, 0.337695, 0.314399, 0.291484, 0.269106, 0.247404, 0.226500, 0.206493, 0.187465, 0.169478, 0.152576, 0.136785, 0.122115, 0.108564, 0.096115, 0.084739, 0.074401, 0.065056, 0.056653, 0.049137, 0.042451, 0.036536, 0.031333, 0.026782, 0.022829, 0.019419, 0.016501, 0.014029, 0.011962, 0.010260, 0.008893, 0.007832, 0.007055, 0.006547, 0.006296
0.006971, 0.007249, 0.007812, 0.008671, 0.009846, 0.011360, 0.013244, 0.015533, 0.018270, 0.021500, 0.025276, 0.029653, 0.034691, 0.040452, 0.047001, 0.054403, 0.062725, 0.072028, 0.082375, 0.093821, 0.106416, 0.120199, 0.135203, 0.151444, 0.168928, 0.187641, 0.207556, 0.228623, 0.250774, 0.273918, 0.297945, 0.322722, 0.348093, 0.373885, 0.399904, 0.425940, 0.451768, 0.477153, 0.501850, 0.525611, 0.548187, 0.569335, 0.588816, 0.606410, 0.621907, 0.635124, 0.645900, 0.654102, 0.659627, 0.662408, 0.662408, 0.659628, 0.654102, 0.645901, 0.635125, 0.621908, 0.606411, 0.588818, 0.569336, 0.548189, 0.525612, 0.501852, 0.477155, 0.451770, 0.425942, 0.399906, 0.373887, 0.348095, 0.322723, 0.297947, 0.273920, 0.250775, 0.228624, 0.207557, 0.187643, 0.168929, 0.151445, 0.135204, 0.120200, 0.106417, 0.093822, 0.082376, 0.072029, 0.062725, 0.054404, 0.047001, 0.040452, 0.034691, 0.029653, 0.025276, 0.021501, 0.018270, 0.015534, 0.013244, 0.011360, 0.009846, 0.008671, 0.007812, 0.007249, 0.006971
