0.033089, 0.033544, 0.034457, 0.035829, 0.037663, 0.039964, 0.042737, 0.045988, 0.049722, 0.053946, 0.058665, 0.063884, 0.069608, 0.075839, 0.082578, 0.089824, 0.097574, 0.105822, 0.114558, 0.123769, 0.133439, 0.143547, 0.154067, 0.164970, 0.176223, 0.187785, 0.199614, 0.211662, 0.223877, 0.236203, 0.248579, 0.260942, 0.273225, 0.285360, 0.297277, 0.308902, 0.320164, 0.330991, 0.341311, 0.351054, 0.360153, 0.368544, 0.376168, 0.382967, 0.388894, 0.393903, 0.397956, 0.401024, 0.403082, 0.404115, 0.404115, 0.403082, 0.401024, 0.397956, 0.393903, 0.388894, 0.382968, 0.376168, 0.368545, 0.360154, 0.351054, 0.341311, 0.330992, 0.320165, 0.308903, 0.297278, 0.285361, 0.273226, 0.260942, 0.248579, 0.236203, 0.223878, 0.211663, 0.199615, 0.187786, 0.176223, 0.164971, 0.154067, 0.143547, 0.133440, 0.123770, 0.114559, 0.105823, 0.097575, 0.089824, 0.082578, 0.075839, 0.069608, 0.063885, 0.058665, 0.053946, 0.049723, 0.045988, 0.042738, 0.039964, 0.037663, 0.035829, 0.034457, 0.033544, 0.033089
0.030402, 0.030821, 0.031659, 0.032920, 0.034605, 0.036719, 0.039267, 0.042254, 0.045685, 0.049566, 0.053902, 0.058697, 0.063956, 0.069681, 0.075873, 0.082530, 0.089651, 0.097229, 0.105256, 0.113719, 0.122603, 0.131890, 0.141556, 0.151573, 0.161912, 0.172535, 0.183404, 0.194474, 0.205697, 0.217021, 0.228392, 0.239751, 0.251038, 0.262187, 0.273136, 0.283817, 0.294165, 0.304113, 0.313594, 0.322546, 0.330906, 0.338616, 0.345620, 0.351868, 0.357313, 0.361915, 0.365640, 0.368458, 0.370349, 0.371298, 0.371298, 0.370349, 0.368458, 0.365640, 0.361915, 0.357313, 0.351868, 0.345621, 0.338617, 0.330907, 0.322547, 0.313595, 0.304113, 0.294166, 0.283818, 0.273137, 0.262188, 0.251038, 0.239752, 0.228393, 0.217022, 0.205698, 0.194475, 0.183405, 0.172536, 0.161912, 0.151574, 0.141556, 0.131891, 0.122604, 0.113720, 0.105256, 0.097230, 0.089652, 0.082531, 0.075873, 0.069681, 0.063956, 0.058697, 0.053902, 0.049566, 0.045685, 0.042254, 0.039268, 0.036720, 0.034605, 0.032920, 0.031659, 0.030821, 0.030402
0.027846, 0.028229, 0.028997, 0.030152, 0.031695, 0.033632, 0.035965, 0.038701, 0.041843, 0.045398, 0.049369, 0.053761, 0.058578, 0.063821, 0.069492, 0.075590, 0.082112, 0.089052, 0.096404, 0.104155, 0.112293, 0.120798, 0.129651, 0.138826, 0.148294, 0.158024, 0.167978, 0.178117, 0.188396, 0.198769, 0.209183, 0.219587, 0.229924, 0.240136, 0.250164, 0.259947, 0.269425, 0.278535, 0.287220, 0.295418, 0.303075, 0.310137, 0.316552, 0.322274, 0.327261, 0.331476, 0.334887, 0.337469, 0.339201, 0.340070, 0.340070, 0.339201, 0.337469, 0.334888, 0.331476, 0.327262, 0.322274, 0.316552, 0.310137, 0.303076, 0.295419, 0.287220, 0.278536, 0.269425, 0.259948, 0.250165, 0.240137, 0.229924, 0.219588, 0.209184, 0.198769, 0.188397, 0.178118, 0.167979, 0.158024, 0.148295, 0.138826, 0.129651, 0.120799, 0.112293, 0.104156, 0.096404, 0.089053, 0.082112, 0.075590, 0.069492, 0.063821, 0.058578, 0.053761, 0.049369, 0.045398, 0.041844, 0.038701, 0.035966, 0.033632, 0.031695, 0.030152, 0.028997, 0.028229, 0.027846
0.025425, 0.025775, 0.026476, 0.027530, 0.028939, 0.030707, 0.032838, 0.035336, 0.038205, 0.041450, 0.045076, 0.049086, 0.053484, 0.058271, 0.063449, 0.069016, 0.074971, 0.081308, 0.088020, 0.095097, 0.102527, 0.110293, 0.118375, 0.126752, 0.135397, 0.144281, 0.153369, 0.162626, 0.172011, 0.181481, 0.190990, 0.200489, 0.209927, 0.219251, 0.228407, 0.237339, 0.245992, 0.254311, 0.262240, 0.269726, 0.276717, 0.283164, 0.289021, 0.294246, 0.298799, 0.302648, 0.305762, 0.308119, 0.309700, 0.310494, 0.310494, 0.309700, 0.308119, 0.305762, 0.302648, 0.298800, 0.294246, 0.289022, 0.283164, 0.276717, 0.269726, 0.262240, 0.254311, 0.245993, 0.237340, 0.228407, 0.219252, 0.209928, 0.200490, 0.190991, 0.181482, 0.172012, 0.162627, 0.153370, 0.144281, 0.135398, 0.126753, 0.118376, 0.110293, 0.102527, 0.095098, 0.088021, 0.081309, 0.074971, 0.069017, 0.063449, 0.058271, 0.053484, 0.049086, 0.045076, 0.041450, 0.038205, 0.035336, 0.032838, 0.030707, 0.028939, 0.027530, 0.026476, 0.025775, 0.025425
0.023142, 0.023461, 0.024099, 0.025058, 0.026341, 0.027950, 0.029890, 0.032163, 0.034775, 0.037729, 0.041029, 0.044679, 0.048682, 0.053039, 0.057752, 0.062820, 0.068240, 0.074008, 0.080117, 0.086559, 0.093321, 0.100390, 0.107747, 0.115371, 0.123240, 0.131326, 0.139598, 0.148023, 0.156565, 0.165185, 0.173840, 0.182486, 0.191077, 0.199564, 0.207897, 0.216028, 0.223904, 0.231475, 0.238692, 0.245506, 0.251870, 0.257738, 0.263069, 0.267824, 0.271969, 0.275472, 0.278307, 0.280452, 0.281891, 0.282614, 0.282614, 0.281891, 0.280452, 0.278307, 0.275472, 0.271969, 0.267825, 0.263069, 0.257738, 0.251870, 0.245506, 0.238693, 0.231476, 0.223904, 0.216028, 0.207898, 0.199564, 0.191077, 0.182487, 0.173840, 0.165185, 0.156566, 0.148024, 0.139598, 0.131326, 0.123240, 0.115372, 0.107747, 0.100390, 0.093322, 0.086559, 0.080118, 0.074008, 0.068240, 0.062820, 0.057752, 0.053039, 0.048682, 0.044679, 0.041029, 0.037729, 0.034775, 0.032163, 0.029890, 0.027950, 0.026341, 0.025058, 0.024099, 0.023461, 0.023142
0.021000, 0.021289, 0.021869, 0.022739, 0.023903, 0.025364, 0.027124, 0.029187, 0.031556, 0.034237, 0.037232, 0.040544, 0.044176, 0.048130, 0.052407, 0.057005, 0.061924, 0.067158, 0.072702, 0.078547, 0.084684, 0.091098, 0.097774, 0.104693, 0.111833, 0.119170, 0.126677, 0.134322, 0.142074, 0.149895, 0.157749, 0.165594, 0.173390, 0.181091, 0.188653, 0.196032, 0.203179, 0.210049, 0.216598, 0.222781, 0.228556, 0.233881, 0.238719, 0.243034, 0.246795, 0.249974, 0.252546, 0.254493, 0.255799, 0.256454, 0.256455, 0.255799, 0.254493, 0.252546, 0.249974, 0.246795, 0.243034, 0.238719, 0.233881, 0.228556, 0.222782, 0.216599, 0.210050, 0.203179, 0.196032, 0.188654, 0.181091, 0.173390, 0.165595, 0.157749, 0.149896, 0.142074, 0.134323, 0.126677, 0.119171, 0.111834, 0.104693, 0.097774, 0.091098, 0.084684, 0.078548, 0.072702, 0.067158, 0.061924, 0.057006, 0.052407, 0.048130, 0.044176, 0.040544, 0.037232, 0.034237, 0.031557, 0.029187, 0.027124, 0.025364, 0.023903, 0.022739, 0.021869, 0.021289, 0.021000
0.019000, 0.019262, 0.019786, 0.020573, 0.021627, 0.022948, 0.024540, 0.026407, 0.028551, 0.030976, 0.033685, 0.036682, 0.039968, 0.043546, 0.047415, 0.051576, 0.056026, 0.060761, 0.065777, 0.071066, 0.076618, 0.082421, 0.088461, 0.094720, 0.101181, 0.107819, 0.114610, 0.121527, 0.128540, 0.135617, 0.142722, 0.149820, 0.156873, 0.163840, 0.170682, 0.177357, 0.183824, 0.190040, 0.195966, 0.201560, 0.206784, 0.211602, 0.215979, 0.219883, 0.223286, 0.226162, 0.228489, 0.230250, 0.231432, 0.232025, 0.232025, 0.231432, 0.230250, 0.228489, 0.226162, 0.223286, 0.219883, 0.215979, 0.211602, 0.206784, 0.201560, 0.195966, 0.190041, 0.183824, 0.177358, 0.170683, 0.163841, 0.156873, 0.149821, 0.142723, 0.135617, 0.128541, 0.121528, 0.114611, 0.107819, 0.101181, 0.094721, 0.088461, 0.082421, 0.076618, 0.071066, 0.065777, 0.060761, 0.056026, 0.051576, 0.047415, 0.043546, 0.039969, 0.036682, 0.033686, 0.030976, 0.028551, 0.026407, 0.024540, 0.022948, 0.021627, 0.020573, 0.019786, 0.019262, 0.019000
0.017141, 0.017377, 0.017850, 0.018560, 0.019511, 0.020703, 0.022139, 0.023823, 0.025757, 0.027945, 0.030389, 0.033093, 0.036058, 0.039285, 0.042776, 0.046529, 0.050544, 0.054816, 0.059341, 0.064112, 0.069120, 0.074356, 0.079805, 0.085452, 0.091280, 0.097268, 0.103395, 0.109635, 0.115962, 0.122346, 0.128756, 0.135159, 0.141522, 0.147807, 0.153980, 0.160002, 0.165835, 0.171443, 0.176788, 0.181835, 0.186548, 0.190895, 0.194843, 0.198366, 0.201435, 0.204030, 0.206130, 0.207718, 0.208784, 0.209319, 0.209319, 0.208784, 0.207718, 0.206130, 0.204030, 0.201435, 0.198366, 0.194844, 0.190895, 0.186548, 0.181835, 0.176788, 0.171443, 0.165835, 0.160002, 0.153980, 0.147808, 0.141522, 0.135160, 0.128756, 0.122346, 0.115962, 0.109636, 0.103396, 0.097269, 0.091280, 0.085452, 0.079805, 0.074356, 0.069121, 0.064112, 0.059341, 0.054816, 0.050544, 0.046529, 0.042776, 0.039285, 0.036058, 0.033093, 0.030390, 0.027945, 0.025757, 0.023823, 0.022139, 0.020703, 0.019511, 0.018560, 0.017850, 0.017377, 0.017141
0.015422, 0.015634, 0.016059, 0.016698, 0.017553, 0.018626, 0.019918, 0.021433, 0.023173, 0.025142, 0.027341, 0.029773, 0.032440, 0.035344, 0.038484, 0.041861, 0.045473, 0.049316, 0.053387, 0.057680, 0.062186, 0.066896, 0.071798, 0.076879, 0.082122, 0.087510, 0.093022, 0.098636, 0.104328, 0.110071, 0.115838, 0.121599, 0.127323, 0.132978, 0.138531, 0.143948, 0.149196, 0.154242, 0.159051, 0.163591, 0.167831, 0.171741, 0.175294, 0.178463, 0.181224, 0.183558, 0.185448, 0.186877, 0.187837, 0.188318, 0.188318, 0.187837, 0.186878, 0.185448, 0.183559, 0.181224, 0.178463, 0.175294, 0.171742, 0.167831, 0.163591, 0.159051, 0.154242, 0.149197, 0.143949, 0.138531, 0.132978, 0.127323, 0.121600, 0.115839, 0.110072, 0.104328, 0.098636, 0.093022, 0.087510, 0.082122, 0.076879, 0.071798, 0.066896, 0.062186, 0.057680, 0.053388, 0.049317, 0.045473, 0.041861, 0.038485, 0.035344, 0.032440, 0.029773, 0.027341, 0.025142, 0.023173, 0.021433, 0.019918, 0.018626, 0.017553, 0.016699, 0.016059, 0.015634, 0.015422
0.013839, 0.014030, 0.014411, 0.014985, 0.015752, 0.016714, 0.017874, 0.019233, 0.020795, 0.022561, 0.024535, 0.026718, 0.029111, 0.031717, 0.034535, 0.037565, 0.040806, 0.044255, 0.047908, 0.051760, 0.055804, 0.060031, 0.064430, 0.068989, 0.073694, 0.078529, 0.083475, 0.088513, 0.093621, 0.098775, 0.103950, 0.109119, 0.114256, 0.119330, 0.124313, 0.129175, 0.133884, 0.138411, 0.142727, 0.146801, 0.150606, 0.154115, 0.157303, 0.160146, 0.162624, 0.164719, 0.166414, 0.167697, 0.168558, 0.168990, 0.168990, 0.168558, 0.167697, 0.166414, 0.164719, 0.162625, 0.160146, 0.157303, 0.154115, 0.150606, 0.146801, 0.142727, 0.138412, 0.133884, 0.129175, 0.124314, 0.119331, 0.114256, 0.109120, 0.103950, 0.098775, 0.093621, 0.088513, 0.083475, 0.078529, 0.073694, 0.068989, 0.064430, 0.060031, 0.055804, 0.051761, 0.047909, 0.044255, 0.040806, 0.037565, 0.034535, 0.031717, 0.029111, 0.026718, 0.024535, 0.022562, 0.020795, 0.019234, 0.017874, 0.016714, 0.015752, 0.014985, 0.014411, 0.014030, 0.013839
0.012390, 0.012561, 0.012902, 0.013416, 0.014103, 0.014964, 0.016003, 0.017220, 0.018618, 0.020199, 0.021966, 0.023920, 0.026063, 0.028396, 0.030919, 0.033632, 0.036534, 0.039622, 0.042892, 0.046341, 0.049961, 0.053745, 0.057684, 0.061766, 0.065978, 0.070307, 0.074735, 0.079245, 0.083818, 0.088433, 0.093066, 0.097694, 0.102293, 0.106836, 0.111297, 0.115649, 0.119866, 0.123919, 0.127782, 0.131430, 0.134836, 0.137978, 0.140832, 0.143378, 0.145597, 0.147472, 0.148989, 0.150138, 0.150908, 0.151295, 0.151295, 0.150908, 0.150138, 0.148989, 0.147472, 0.145597, 0.143378, 0.140832, 0.137978, 0.134837, 0.131430, 0.127783, 0.123919, 0.119866, 0.115650, 0.111297, 0.106836, 0.102293, 0.097694, 0.093066, 0.088433, 0.083819, 0.079246, 0.074735, 0.070307, 0.065978, 0.061766, 0.057684, 0.053745, 0.049961, 0.046341, 0.042893, 0.039622, 0.036534, 0.033632, 0.030919, 0.028396, 0.026063, 0.023920, 0.021966, 0.020199, 0.018618, 0.017220, 0.016003, 0.014964, 0.014103, 0.013416, 0.012902, 0.012561, 0.012390
0.011071, 0.011223, 0.011529, 0.011988, 0.012601, 0.013371, 0.014299, 0.015386, 0.016636, 0.018049, 0.019627, 0.021373, 0.023288, 0.025373, 0.027627, 0.030051, 0.032644, 0.035403, 0.038326, 0.041407, 0.044642, 0.048023, 0.051542, 0.055189, 0.058953, 0.062821, 0.066778, 0.070808, 0.074894, 0.079017, 0.083157, 0.087292, 0.091401, 0.095461, 0.099447, 0.103336, 0.107103, 0.110725, 0.114177, 0.117436, 0.120480, 0.123287, 0.125837, 0.128112, 0.130094, 0.131770, 0.133126, 0.134152, 0.134840, 0.135186, 0.135186, 0.134840, 0.134152, 0.133126, 0.131770, 0.130094, 0.128112, 0.125837, 0.123287, 0.120480, 0.117436, 0.114177, 0.110725, 0.107103, 0.103336, 0.099447, 0.095461, 0.091402, 0.087293, 0.083157, 0.079017, 0.074894, 0.070808, 0.066778, 0.062821, 0.058953, 0.055190, 0.051542, 0.048023, 0.044642, 0.041407, 0.038326, 0.035403, 0.032644, 0.030051, 0.027627, 0.025373, 0.023288, 0.021374, 0.019628, 0.018049, 0.016636, 0.015386, 0.014299, 0.013371, 0.012601, 0.011988, 0.011529, 0.011223, 0.011071
0.009877, 0.010013, 0.010286, 0.010695, 0.011242, 0.011929, 0.012757, 0.013727, 0.014842, 0.016103, 0.017511, 0.019069, 0.020777, 0.022637, 0.024648, 0.026811, 0.029124, 0.031586, 0.034193, 0.036942, 0.039828, 0.042845, 0.045984, 0.049238, 0.052596, 0.056047, 0.059577, 0.063173, 0.066818, 0.070496, 0.074190, 0.077879, 0.081545, 0.085167, 0.088723, 0.092193, 0.095554, 0.098785, 0.101865, 0.104773, 0.107488, 0.109993, 0.112268, 0.114297, 0.116066, 0.117561, 0.118770, 0.119686, 0.120300, 0.120608, 0.120608, 0.120300, 0.119686, 0.118770, 0.117561, 0.116066, 0.114297, 0.112268, 0.109993, 0.107489, 0.104773, 0.101865, 0.098785, 0.095554, 0.092193, 0.088724, 0.085167, 0.081546, 0.077880, 0.074190, 0.070497, 0.066818, 0.063173, 0.059577, 0.056047, 0.052596, 0.049238, 0.045984, 0.042845, 0.039828, 0.036942, 0.034193, 0.031586, 0.029124, 0.026811, 0.024648, 0.022637, 0.020777, 0.019069, 0.017511, 0.016103, 0.014842, 0.013727, 0.012757, 0.011929, 0.011243, 0.010695, 0.010286, 0.010013, 0.009877
0.008804, 0.008925, 0.009168, 0.009533, 0.010021, 0.010633, 0.011371, 0.012236, 0.013229, 0.014353, 0.015608, 0.016997, 0.018520, 0.020177, 0.021970, 0.023898, 0.025960, 0.028154, 0.030478, 0.032928, 0.035501, 0.038190, 0.040988, 0.043889, 0.046882, 0.049958, 0.053104, 0.056309, 0.059559, 0.062837, 0.066130, 0.069418, 0.072686, 0.075914, 0.079084, 0.082177, 0.085173, 0.088053, 0.090798, 0.093390, 0.095810, 0.098043, 0.100071, 0.101879, 0.103456, 0.104788, 0.105867, 0.106683, 0.107230, 0.107505, 0.107505, 0.107230, 0.106683, 0.105867, 0.104789, 0.103456, 0.101880, 0.100071, 0.098043, 0.095811, 0.093390, 0.090798, 0.088053, 0.085173, 0.082177, 0.079084, 0.075914, 0.072686, 0.069418, 0.066130, 0.062838, 0.059559, 0.056310, 0.053105, 0.049958, 0.046882, 0.043889, 0.040988, 0.038190, 0.035501, 0.032929, 0.030478, 0.028154, 0.025960, 0.023898, 0.021970, 0.020177, 0.018520, 0.016997, 0.015609, 0.014353, 0.013229, 0.012236, 0.011371, 0.010633, 0.010021, 0.009533, 0.009168, 0.008925, 0.008804
0.007847, 0.007955, 0.008171, 0.008496, 0.008931, 0.009477, 0.010135, 0.010905, 0.011791, 0.012792, 0.013911, 0.015149, 0.016506, 0.017983, 0.019581, 0.021299, 0.023137, 0.025093, 0.027164, 0.029348, 0.031641, 0.034037, 0.036532, 0.039117, 0.041784, 0.044526, 0.047330, 0.050187, 0.053083, 0.056005, 0.058939, 0.061870, 0.064783, 0.067660, 0.070485, 0.073242, 0.075912, 0.078479, 0.080926, 0.083236, 0.085393, 0.087382, 0.089190, 0.090802, 0.092207, 0.093395, 0.094356, 0.095083, 0.095571, 0.095816, 0.095816, 0.095571, 0.095083, 0.094356, 0.093395, 0.092207, 0.090802, 0.089190, 0.087383, 0.085393, 0.083236, 0.080926, 0.078479, 0.075912, 0.073242, 0.070485, 0.067660, 0.064783, 0.061871, 0.058939, 0.056005, 0.053083, 0.050187, 0.047330, 0.044526, 0.041785, 0.039117, 0.036532, 0.034037, 0.031641, 0.029348, 0.027164, 0.025093, 0.023137, 0.021300, 0.019581, 0.017983, 0.016506, 0.015149, 0.013911, 0.012792, 0.011791, 0.010905, 0.010135, 0.009477, 0.008931, 0.008496, 0.008171, 0.007955, 0.007847
0.007000, 0.007097, 0.007290, 0.007580, 0.007968, 0.008455, 0.009041, 0.009729, 0.010519, 0.011412, 0.012411, 0.013515, 0.014725, 0.016044, 0.017469, 0.019002, 0.020641, 0.022386, 0.024234, 0.026182, 0.028228, 0.030366, 0.032591, 0.034897, 0.037277, 0.039723, 0.042225, 0.044773, 0.047357, 0.049964, 0.052582, 0.055197, 0.057795, 0.060362, 0.062883, 0.065342, 0.067724, 0.070014, 0.072197, 0.074258, 0.076182, 0.077957, 0.079570, 0.081008, 0.082262, 0.083321, 0.084179, 0.084828, 0.085263, 0.085481, 0.085481, 0.085263, 0.084828, 0.084179, 0.083321, 0.082262, 0.081008, 0.079570, 0.077957, 0.076182, 0.074258, 0.072197, 0.070014, 0.067724, 0.065342, 0.062883, 0.060362, 0.057795, 0.055197, 0.052582, 0.049964, 0.047357, 0.044774, 0.042225, 0.039723, 0.037278, 0.034897, 0.032591, 0.030366, 0.028228, 0.026183, 0.024234, 0.022386, 0.020641, 0.019002, 0.017469, 0.016044, 0.014726, 0.013515, 0.012411, 0.011412, 0.010519, 0.009729, 0.009041, 0.008455, 0.007968, 0.007580, 0.007290, 0.007097, 0.007000
0.006260, 0.006346, 0.006519, 0.006778, 0.007125, 0.007560, 0.008085, 0.008700, 0.009406, 0.010205, 0.011098, 0.012085, 0.013168, 0.014347, 0.015621, 0.016992, 0.018458, 0.020018, 0.021671, 0.023413, 0.025242, 0.027154, 0.029144, 0.031207, 0.033335, 0.035522, 0.037759, 0.040038, 0.042349, 0.044680, 0.047021, 0.049360, 0.051683, 0.053979, 0.056233, 0.058432, 0.060562, 0.062610, 0.064562, 0.066405, 0.068126, 0.069713, 0.071155, 0.072441, 0.073562, 0.074510, 0.075277, 0.075857, 0.076246, 0.076442, 0.076442, 0.076246, 0.075857, 0.075277, 0.074510, 0.073563, 0.072441, 0.071155, 0.069713, 0.068126, 0.066405, 0.064562, 0.062610, 0.060562, 0.058432, 0.056233, 0.053979, 0.051683, 0.049360, 0.047021, 0.044680, 0.042349, 0.040039, 0.037760, 0.035522, 0.033335, 0.031207, 0.029144, 0.027154, 0.025243, 0.023413, 0.021671, 0.020019, 0.018458, 0.016992, 0.015622, 0.014347, 0.013168, 0.012085, 0.011098, 0.010205, 0.009406, 0.008700, 0.008085, 0.007560, 0.007125, 0.006778, 0.006519, 0.006346, 0.006260
0.005621, 0.005698, 0.005853, 0.006086, 0.006398, 0.006789, 0.007260, 0.007812, 0.008446, 0.009164, 0.009965, 0.010852, 0.011824, 0.012882, 0.014027, 0.015258, 0.016574, 0.017975, 0.019459, 0.021023, 0.022666, 0.024383, 0.026170, 0.028021, 0.029933, 0.031896, 0.033905, 0.035952, 0.038026, 0.040120, 0.042222, 0.044322, 0.046408, 0.048469, 0.050493, 0.052468, 0.054381, 0.056220, 0.057973, 0.059627, 0.061173, 0.062598, 0.063893, 0.065048, 0.066055, 0.066905, 0.067594, 0.068115, 0.068465, 0.068640, 0.068640, 0.068465, 0.068115, 0.067594, 0.066906, 0.066055, 0.065048, 0.063893, 0.062598, 0.061173, 0.059628, 0.057973, 0.056220, 0.054381, 0.052468, 0.050493, 0.048469, 0.046408, 0.044322, 0.042222, 0.040120, 0.038027, 0.035952, 0.033906, 0.031896, 0.029933, 0.028022, 0.026170, 0.024383, 0.022666, 0.021024, 0.019459, 0.017975, 0.016574, 0.015258, 0.014027, 0.012882, 0.011824, 0.010852, 0.009965, 0.009164, 0.008446, 0.007812, 0.007260, 0.006789, 0.006398, 0.006086, 0.005853, 0.005698, 0.005621
0.005079, 0.005149, 0.005289, 0.005499, 0.005781, 0.006134, 0.006559, 0.007058, 0.007632, 0.008280, 0.009004, 0.009805, 0.010684, 0.011640, 0.012674, 0.013786, 0.014976, 0.016242, 0.017583, 0.018996, 0.020481, 0.022032, 0.023646, 0.025320, 0.027047, 0.028821, 0.030637, 0.032486, 0.034361, 0.036252, 0.038152, 0.040049, 0.041934, 0.043797, 0.045626, 0.047410, 0.049139, 0.050800, 0.052384, 0.053880, 0.055276, 0.056564, 0.057734, 0.058778, 0.059687, 0.060456, 0.061078, 0.061549, 0.061865, 0.062024, 0.062024, 0.061865, 0.061549, 0.061078, 0.060456, 0.059687, 0.058778, 0.057734, 0.056564, 0.055276, 0.053880, 0.052384, 0.050800, 0.049139, 0.047410, 0.045626, 0.043797, 0.041934, 0.040049, 0.038152, 0.036252, 0.034361, 0.032486, 0.030637, 0.028821, 0.027047, 0.025320, 0.023647, 0.022032, 0.020481, 0.018997, 0.017583, 0.016242, 0.014976, 0.013787, 0.012674, 0.011640, 0.010684, 0.009805, 0.009004, 0.008280, 0.007632, 0.007058, 0.006560, 0.006134, 0.005781, 0.005499, 0.005289, 0.005149, 0.005079
0.004629, 0.004693, 0.004821, 0.005013, 0.005270, 0.005592, 0.005980, 0.006434, 0.006957, 0.007548, 0.008208, 0.008938, 0.009739, 0.010611, 0.011554, 0.012568, 0.013652, 0.014806, 0.016029, 0.017318, 0.018671, 0.020085, 0.021557, 0.023082, 0.024657, 0.026274, 0.027929, 0.029615, 0.031324, 0.033049, 0.034780, 0.036510, 0.038229, 0.039927, 0.041594, 0.043221, 0.044797, 0.046312, 0.047756, 0.049119, 0.050392, 0.051566, 0.052633, 0.053584, 0.054414, 0.055115, 0.055682, 0.056111, 0.056399, 0.056544, 0.056544, 0.056399, 0.056111, 0.055682, 0.055115, 0.054414, 0.053584, 0.052633, 0.051566, 0.050392, 0.049119, 0.047756, 0.046312, 0.044797, 0.043221, 0.041594, 0.039927, 0.038229, 0.036510, 0.034780, 0.033049, 0.031324, 0.029615, 0.027929, 0.026274, 0.024657, 0.023082, 0.021557, 0.020085, 0.018671, 0.017318, 0.016029, 0.014806, 0.013652, 0.012568, 0.011554, 0.010611, 0.009739, 0.008938, 0.008208, 0.007548, 0.006957, 0.006434, 0.005980, 0.005592, 0.005270, 0.005013, 0.004821, 0.004693, 0.004629
0.004270, 0.004329, 0.004447, 0.004624, 0.004860, 0.005157, 0.005515, 0.005935, 0.006417, 0.006962, 0.007571, 0.008245, 0.008983, 0.009787, 0.010657, 0.011592, 0.012593, 0.013657, 0.014785, 0.015974, 0.017222, 0.018526, 0.019884, 0.021291, 0.022743, 0.024236, 0.025762, 0.027317, 0.028894, 0.030485, 0.032082, 0.033677, 0.035263, 0.036829, 0.038367, 0.039868, 0.041321, 0.042719, 0.044051, 0.045308, 0.046483, 0.047566, 0.048550, 0.049428, 0.050193, 0.050839, 0.051362, 0.051758, 0.052024, 0.052157, 0.052157, 0.052024, 0.051758, 0.051362, 0.050839, 0.050193, 0.049428, 0.048550, 0.047566, 0.046483, 0.045308, 0.044051, 0.042719, 0.041321, 0.039868, 0.038367, 0.036829, 0.035263, 0.033678, 0.032082, 0.030485, 0.028894, 0.027317, 0.025762, 0.024236, 0.022743, 0.021291, 0.019884, 0.018526, 0.017222, 0.015974, 0.014785, 0.013657, 0.012593, 0.011592, 0.010657, 0.009787, 0.008983, 0.008245, 0.007571, 0.006962, 0.006417, 0.005935, 0.005515, 0.005157, 0.004860, 0.004624, 0.004447, 0.004329, 0.004270
0.003997, 0.004052, 0.004162, 0.004328, 0.004550, 0.004828, 0.005163, 0.005555, 0.006007, 0.006517, 0.007087, 0.007718, 0.008409, 0.009162, 0.009976, 0.010852, 0.011788, 0.012785, 0.013840, 0.014953, 0.016122, 0.017343, 0.018614, 0.019932, 0.021291, 0.022688, 0.024117, 0.025573, 0.027049, 0.028538, 0.030034, 0.031528, 0.033012, 0.034478, 0.035918, 0.037323, 0.038684, 0.039992, 0.041239, 0.042417, 0.043516, 0.044530, 0.045451, 0.046273, 0.046989, 0.047594, 0.048084, 0.048455, 0.048704, 0.048829, 0.048829, 0.048704, 0.048455, 0.048084, 0.047595, 0.046989, 0.046273, 0.045451, 0.044530, 0.043516, 0.042417, 0.041239, 0.039992, 0.038684, 0.037323, 0.035918, 0.034478, 0.033012, 0.031528, 0.030034, 0.028538, 0.027049, 0.025573, 0.024118, 0.022688, 0.021291, 0.019932, 0.018614, 0.017343, 0.016122, 0.014954, 0.013841, 0.012785, 0.011788, 0.010852, 0.009976, 0.009162, 0.008409, 0.007718, 0.007087, 0.006517, 0.006007, 0.005556, 0.005163, 0.004828, 0.004550, 0.004328, 0.004162, 0.004052, 0.003997
0.003808, 0.003861, 0.003966, 0.004124, 0.004335, 0.004600, 0.004919, 0.005293, 0.005723, 0.006209, 0.006753, 0.007354, 0.008012, 0.008730, 0.009506, 0.010340, 0.011232, 0.012182, 0.013188, 0.014248, 0.015362, 0.016525, 0.017737, 0.018992, 0.020287, 0.021619, 0.022981, 0.024368, 0.025774, 0.027193, 0.028618, 0.030042, 0.031456, 0.032854, 0.034226, 0.035564, 0.036861, 0.038108, 0.039296, 0.040418, 0.041466, 0.042432, 0.043310, 0.044093, 0.044775, 0.045352, 0.045819, 0.046172, 0.046409, 0.046528, 0.046528, 0.046409, 0.046172, 0.045819, 0.045352, 0.044776, 0.044093, 0.043310, 0.042432, 0.041466, 0.040418, 0.039296, 0.038108, 0.036861, 0.035564, 0.034226, 0.032854, 0.031456, 0.030042, 0.028618, 0.027193, 0.025774, 0.024368, 0.022981, 0.021619, 0.020287, 0.018992, 0.017737, 0.016525, 0.015362, 0.014248, 0.013188, 0.012182, 0.011232, 0.010340, 0.009506, 0.008730, 0.008013, 0.007354, 0.006753, 0.006209, 0.005723, 0.005293, 0.004919, 0.004600, 0.004335, 0.004124, 0.003966, 0.003861, 0.003808
0.003702, 0.003753, 0.003855, 0.004008, 0.004214, 0.004471, 0.004782, 0.005145, 0.005563, 0.006036, 0.006564, 0.007148, 0.007789, 0.008486, 0.009241, 0.010052, 0.010919, 0.011843, 0.012820, 0.013851, 0.014934, 0.016065, 0.017243, 0.018463, 0.019723, 0.021017, 0.022341, 0.023690, 0.025057, 0.026437, 0.027822, 0.029206, 0.030581, 0.031940, 0.033274, 0.034575, 0.035836, 0.037048, 0.038204, 0.039294, 0.040313, 0.041253, 0.042106, 0.042867, 0.043531, 0.044092, 0.044545, 0.044889, 0.045119, 0.045235, 0.045235, 0.045119, 0.044889, 0.044545, 0.044092, 0.043531, 0.042867, 0.042106, 0.041253, 0.040313, 0.039294, 0.038204, 0.037048, 0.035836, 0.034575, 0.033274, 0.031940, 0.030581, 0.029206, 0.027822, 0.026437, 0.025057, 0.023690, 0.022341, 0.021017, 0.019723, 0.018463, 0.017243, 0.016065, 0.014934, 0.013852, 0.012820, 0.011843, 0.010919, 0.010052, 0.009241, 0.008487, 0.007789, 0.007149, 0.006564, 0.006036, 0.005563, 0.005145, 0.004782, 0.004471, 0.004214, 0.004008, 0.003855, 0.003753, 0.003702
0.003677, 0.003727, 0.003829, 0.003981, 0.004185, 0.004441, 0.004749, 0.005111, 0.005526, 0.005995, 0.006520, 0.007100, 0.007737, 0.008430, 0.009179, 0.009984, 0.010846, 0.011763, 0.012735, 0.013759, 0.014834, 0.015958, 0.017128, 0.018340, 0.019591, 0.020877, 0.022192, 0.023532, 0.024890, 0.026261, 0.027637, 0.029012, 0.030378, 0.031728, 0.033053, 0.034346, 0.035599, 0.036803, 0.037950, 0.039034, 0.040046, 0.040979, 0.041827, 0.042583, 0.043242, 0.043800, 0.044250, 0.044592, 0.044820, 0.044935, 0.044935, 0.044820, 0.044592, 0.044250, 0.043800, 0.043243, 0.042583, 0.041827, 0.040979, 0.040046, 0.039034, 0.037950, 0.036803, 0.035599, 0.034346, 0.033053, 0.031728, 0.030378, 0.029012, 0.027637, 0.026261, 0.024890, 0.023532, 0.022192, 0.020877, 0.019591, 0.018340, 0.017128, 0.015958, 0.014834, 0.013759, 0.012735, 0.011763, 0.010846, 0.009985, 0.009179, 0.008430, 0.007737, 0.007100, 0.006520, 0.005996, 0.005526, 0.005111, 0.004749, 0.004441, 0.004185, 0.003981, 0.003829, 0.003727, 0.003677
0.003732, 0.003784, 0.003887, 0.004042, 0.004249, 0.004509, 0.004822, 0.005188, 0.005610, 0.006087, 0.006619, 0.007209, 0.007855, 0.008558, 0.009319, 0.010137, 0.011012, 0.011943, 0.012929, 0.013969, 0.015061, 0.016202, 0.017389, 0.018620, 0.019891, 0.021196, 0.022532, 0.023892, 0.025271, 0.026663, 0.028060, 0.029456, 0.030843, 0.032214, 0.033559, 0.034872, 0.036144, 0.037366, 0.038532, 0.039632, 0.040659, 0.041607, 0.042468, 0.043236, 0.043905, 0.044471, 0.044929, 0.045275, 0.045507, 0.045624, 0.045624, 0.045507, 0.045275, 0.044929, 0.044471, 0.043905, 0.043236, 0.042468, 0.041607, 0.040660, 0.039632, 0.038532, 0.037366, 0.036144, 0.034872, 0.033559, 0.032214, 0.030843, 0.029456, 0.028060, 0.026663, 0.025271, 0.023892, 0.022532, 0.021196, 0.019891, 0.018620, 0.017390, 0.016202, 0.015061, 0.013969, 0.012929, 0.011943, 0.011012, 0.010137, 0.009319, 0.008558, 0.007855, 0.007209, 0.006619, 0.006087, 0.005610, 0.005188, 0.004822, 0.004509, 0.004249, 0.004042, 0.003887, 0.003784, 0.003732
0.003869, 0.003923, 0.004030, 0.004190, 0.004405, 0.004674, 0.004999, 0.005379, 0.005816, 0.006310, 0.006863, 0.007473, 0.008143, 0.008872, 0.009661, 0.010509, 0.011417, 0.012382, 0.013404, 0.014483, 0.015615, 0.016798, 0.018029, 0.019305, 0.020623, 0.021976, 0.023361, 0.024771, 0.026201, 0.027644, 0.029093, 0.030540, 0.031979, 0.033399, 0.034795, 0.036156, 0.037474, 0.038742, 0.039950, 0.041091, 0.042157, 0.043139, 0.044032, 0.044828, 0.045522, 0.046109, 0.046583, 0.046942, 0.047183, 0.047304, 0.047304, 0.047183, 0.046942, 0.046583, 0.046109, 0.045522, 0.044828, 0.044032, 0.043139, 0.042157, 0.041091, 0.039950, 0.038742, 0.037475, 0.036156, 0.034795, 0.033399, 0.031979, 0.030541, 0.029093, 0.027644, 0.026201, 0.024771, 0.023361, 0.021976, 0.020623, 0.019305, 0.018029, 0.016798, 0.015615, 0.014483, 0.013405, 0.012382, 0.011417, 0.010509, 0.009661, 0.008873, 0.008143, 0.007473, 0.006863, 0.006310, 0.005816, 0.005379, 0.004999, 0.004674, 0.004405, 0.004190, 0.004030, 0.003923, 0.003869
0.004088, 0.004145, 0.004258, 0.004427, 0.004654, 0.004939, 0.005282, 0.005684, 0.006145, 0.006668, 0.007251, 0.007897, 0.008605, 0.009375, 0.010209, 0.011105, 0.012063, 0.013084, 0.014164, 0.015303, 0.016499, 0.017750, 0.019051, 0.020400, 0.021792, 0.023222, 0.024685, 0.026176, 0.027687, 0.029212, 0.030743, 0.032272, 0.033792, 0.035293, 0.036768, 0.038206, 0.039600, 0.040939, 0.042216, 0.043422, 0.044548, 0.045586, 0.046529, 0.047371, 0.048104, 0.048724, 0.049225, 0.049605, 0.049860, 0.049987, 0.049987, 0.049860, 0.049605, 0.049225, 0.048724, 0.048104, 0.047371, 0.046529, 0.045586, 0.044548, 0.043422, 0.042216, 0.040939, 0.039600, 0.038206, 0.036768, 0.035293, 0.033792, 0.032272, 0.030743, 0.029212, 0.027687, 0.026176, 0.024685, 0.023222, 0.021792, 0.020400, 0.019051, 0.017750, 0.016500, 0.015303, 0.014164, 0.013084, 0.012063, 0.011105, 0.010209, 0.009375, 0.008605, 0.007897, 0.007251, 0.006668, 0.006145, 0.005684, 0.005282, 0.004939, 0.004654, 0.004427, 0.004258, 0.004145, 0.004088
0.004391, 0.004452, 0.004573, 0.004755, 0.004999, 0.005304, 0.005673, 0.006104, 0.006600, 0.007161, 0.007788, 0.008481, 0.009242, 0.010069, 0.010965, 0.011927, 0.012957, 0.014053, 0.015213, 0.016437, 0.017722, 0.019065, 0.020462, 0.021911, 0.023406, 0.024943, 0.026514, 0.028115, 0.029738, 0.031376, 0.033021, 0.034664, 0.036296, 0.037909, 0.039493, 0.041038, 0.042534, 0.043973, 0.045345, 0.046640, 0.047849, 0.048965, 0.049978, 0.050882, 0.051669, 0.052335, 0.052874, 0.053282, 0.053555, 0.053693, 0.053693, 0.053555, 0.053282, 0.052874, 0.052335, 0.051669, 0.050882, 0.049978, 0.048965, 0.047849, 0.046640, 0.045345, 0.043973, 0.042535, 0.041038, 0.039493, 0.037909, 0.036296, 0.034664, 0.033021, 0.031376, 0.029738, 0.028115, 0.026514, 0.024943, 0.023406, 0.021911, 0.020463, 0.019065, 0.017722, 0.016437, 0.015213, 0.014053, 0.012957, 0.011927, 0.010965, 0.010070, 0.009242, 0.008482, 0.007788, 0.007161, 0.006600, 0.006104, 0.005673, 0.005304, 0.004999, 0.004755, 0.004573, 0.004452, 0.004391
0.004779, 0.004845, 0.004977, 0.005176, 0.005441, 0.005773, 0.006174, 0.006644, 0.007184, 0.007795, 0.008477, 0.009232, 0.010060, 0.010961, 0.011935, 0.012983, 0.014104, 0.015296, 0.016560, 0.017892, 0.019290, 0.020752, 0.022274, 0.023851, 0.025478, 0.027150, 0.028861, 0.030604, 0.032371, 0.034154, 0.035944, 0.037733, 0.039510, 0.041265, 0.042989, 0.044671, 0.046300, 0.047867, 0.049360, 0.050769, 0.052086, 0.053300, 0.054403, 0.055387, 0.056244, 0.056969, 0.057556, 0.057999, 0.058297, 0.058447, 0.058447, 0.058297, 0.057999, 0.057556, 0.056969, 0.056244, 0.055387, 0.054403, 0.053300, 0.052086, 0.050769, 0.049360, 0.047867, 0.046300, 0.044671, 0.042989, 0.041265, 0.039510, 0.037733, 0.035944, 0.034154, 0.032371, 0.030604, 0.028862, 0.027151, 0.025478, 0.023851, 0.022274, 0.020752, 0.019291, 0.017892, 0.016560, 0.015297, 0.014104, 0.012983, 0.011935, 0.010961, 0.010060, 0.009232, 0.008477, 0.007795, 0.007184, 0.006644, 0.006174, 0.005774, 0.005441, 0.005176, 0.004977, 0.004845, 0.004779
0.005256, 0.005329, 0.005474, 0.005692, 0.005984, 0.006350, 0.006791, 0.007308, 0.007902, 0.008573, 0.009324, 0.010154, 0.011064, 0.012055, 0.013127, 0.014279, 0.015512, 0.016824, 0.018213, 0.019678, 0.021217, 0.022824, 0.024498, 0.026232, 0.028022, 0.029862, 0.031743, 0.033660, 0.035604, 0.037564, 0.039534, 0.041501, 0.043455, 0.045386, 0.047282, 0.049132, 0.050924, 0.052647, 0.054289, 0.055839, 0.057287, 0.058623, 0.059836, 0.060918, 0.061861, 0.062658, 0.063303, 0.063792, 0.064119, 0.064284, 0.064284, 0.064119, 0.063792, 0.063303, 0.062658, 0.061861, 0.060918, 0.059836, 0.058623, 0.057288, 0.055840, 0.054289, 0.052647, 0.050924, 0.049132, 0.047282, 0.045386, 0.043455, 0.041501, 0.039534, 0.037565, 0.035604, 0.033660, 0.031744, 0.029862, 0.028022, 0.026232, 0.024498, 0.022824, 0.021217, 0.019679, 0.018213, 0.016824, 0.015512, 0.014279, 0.013127, 0.012055, 0.011064, 0.010154, 0.009324, 0.008573, 0.007902, 0.007308, 0.006791, 0.006350, 0.005984, 0.005692, 0.005474, 0.005329, 0.005256
0.005825, 0.005906, 0.006067, 0.006308, 0.006632, 0.007037, 0.007526, 0.008099, 0.008757, 0.009501, 0.010333, 0.011253, 0.012262, 0.013360, 0.014548, 0.015825, 0.017191, 0.018645, 0.020185, 0.021809, 0.023513, 0.025295, 0.027150, 0.029072, 0.031056, 0.033094, 0.035180, 0.037304, 0.039458, 0.041631, 0.043814, 0.045994, 0.048160, 0.050300, 0.052401, 0.054451, 0.056438, 0.058347, 0.060167, 0.061885, 0.063490, 0.064970, 0.066314, 0.067514, 0.068559, 0.069442, 0.070157, 0.070698, 0.071062, 0.071244, 0.071244, 0.071062, 0.070698, 0.070157, 0.069443, 0.068559, 0.067514, 0.066315, 0.064970, 0.063490, 0.061885, 0.060167, 0.058347, 0.056438, 0.054452, 0.052401, 0.050300, 0.048160, 0.045994, 0.043814, 0.041632, 0.039458, 0.037304, 0.035180, 0.033095, 0.031056, 0.029072, 0.027150, 0.025295, 0.023514, 0.021809, 0.020185, 0.018645, 0.017191, 0.015825, 0.014548, 0.013360, 0.012262, 0.011253, 0.010333, 0.009501, 0.008757, 0.008099, 0.007526, 0.007037, 0.006632, 0.006308, 0.006067, 0.005906, 0.005825
0.006490, 0.006579, 0.006759, 0.007028, 0.007388, 0.007840, 0.008384, 0.009023, 0.009756, 0.010585, 0.011512, 0.012537, 0.013660, 0.014884, 0.016207, 0.017630, 0.019152, 0.020772, 0.022488, 0.024297, 0.026196, 0.028181, 0.030248, 0.032389, 0.034599, 0.036870, 0.039194, 0.041561, 0.043960, 0.046382, 0.048813, 0.051242, 0.053655, 0.056039, 0.058380, 0.060664, 0.062877, 0.065004, 0.067032, 0.068947, 0.070734, 0.072383, 0.073881, 0.075217, 0.076382, 0.077366, 0.078163, 0.078765, 0.079170, 0.079373, 0.079373, 0.079170, 0.078765, 0.078163, 0.077366, 0.076382, 0.075217, 0.073881, 0.072383, 0.070735, 0.068947, 0.067032, 0.065005, 0.062877, 0.060665, 0.058380, 0.056039, 0.053655, 0.051242, 0.048813, 0.046382, 0.043960, 0.041561, 0.039194, 0.036871, 0.034600, 0.032389, 0.030248, 0.028182, 0.026196, 0.024297, 0.022488, 0.020772, 0.019153, 0.017630, 0.016207, 0.014884, 0.013661, 0.012537, 0.011512, 0.010585, 0.009756, 0.009023, 0.008384, 0.007840, 0.007388, 0.007028, 0.006759, 0.006579, 0.006490
0.007254, 0.007354, 0.007555, 0.007856, 0.008258, 0.008763, 0.009372, 0.010085, 0.010905, 0.011832, 0.012868, 0.014013, 0.015269, 0.016637, 0.018116, 0.019707, 0.021408, 0.023219, 0.025137, 0.027159, 0.029282, 0.031501, 0.033810, 0.036204, 0.038674, 0.041213, 0.043810, 0.046456, 0.049138, 0.051844, 0.054562, 0.057277, 0.059974, 0.062639, 0.065256, 0.067810, 0.070283, 0.072661, 0.074927, 0.077067, 0.079066, 0.080909, 0.082583, 0.084077, 0.085378, 0.086478, 0.087369, 0.088043, 0.088495, 0.088722, 0.088722, 0.088495, 0.088043, 0.087369, 0.086478, 0.085378, 0.084077, 0.082583, 0.080909, 0.079066, 0.077067, 0.074927, 0.072661, 0.070283, 0.067810, 0.065257, 0.062640, 0.059975, 0.057277, 0.054562, 0.051845, 0.049138, 0.046456, 0.043811, 0.041213, 0.038675, 0.036204, 0.033810, 0.031501, 0.029282, 0.027159, 0.025137, 0.023219, 0.021408, 0.019707, 0.018116, 0.016637, 0.015269, 0.014013, 0.012868, 0.011832, 0.010905, 0.010085, 0.009372, 0.008763, 0.008258, 0.007856, 0.007555, 0.007354, 0.007254
0.008123, 0.008235, 0.008459, 0.008796, 0.009247, 0.009812, 0.010494, 0.011293, 0.012210, 0.013248, 0.014408, 0.015691, 0.017098, 0.018629, 0.020285, 0.022066, 0.023971, 0.025999, 0.028146, 0.030410, 0.032787, 0.035272, 0.037858, 0.040539, 0.043305, 0.046147, 0.049056, 0.052018, 0.055021, 0.058052, 0.061095, 0.064134, 0.067155, 0.070139, 0.073069, 0.075928, 0.078698, 0.081360, 0.083898, 0.086294, 0.088532, 0.090596, 0.092470, 0.094143, 0.095600, 0.096832, 0.097829, 0.098583, 0.099090, 0.099344, 0.099344, 0.099090, 0.098584, 0.097829, 0.096832, 0.095600, 0.094143, 0.092470, 0.090596, 0.088532, 0.086294, 0.083898, 0.081360, 0.078698, 0.075928, 0.073069, 0.070139, 0.067155, 0.064135, 0.061095, 0.058052, 0.055021, 0.052018, 0.049056, 0.046148, 0.043305, 0.040539, 0.037858, 0.035272, 0.032787, 0.030410, 0.028146, 0.025999, 0.023971, 0.022066, 0.020285, 0.018629, 0.017098, 0.015691, 0.014408, 0.013248, 0.012210, 0.011293, 0.010494, 0.009812, 0.009247, 0.008796, 0.008459, 0.008235, 0.008123
0.009100, 0.009226, 0.009477, 0.009854, 0.010359, 0.010993, 0.011756, 0.012651, 0.013680, 0.014842, 0.016142, 0.017579, 0.019155, 0.020870, 0.022726, 0.024721, 0.026855, 0.029127, 0.031532, 0.034069, 0.036732, 0.039516, 0.042413, 0.045416, 0.048515, 0.051700, 0.054958, 0.058276, 0.061641, 0.065036, 0.068445, 0.071851, 0.075235, 0.078578, 0.081860, 0.085063, 0.088166, 0.091149, 0.093992, 0.096676, 0.099183, 0.101495, 0.103596, 0.105469, 0.107102, 0.108482, 0.109599, 0.110444, 0.111011, 0.111296, 0.111296, 0.111011, 0.110444, 0.109599, 0.108482, 0.107102, 0.105469, 0.103596, 0.101495, 0.099183, 0.096676, 0.093992, 0.091149, 0.088166, 0.085063, 0.081861, 0.078578, 0.075235, 0.071851, 0.068445, 0.065036, 0.061641, 0.058276, 0.054958, 0.051700, 0.048515, 0.045416, 0.042413, 0.039516, 0.036732, 0.034069, 0.031533, 0.029127, 0.026856, 0.024721, 0.022726, 0.020870, 0.019155, 0.017579, 0.016142, 0.014843, 0.013680, 0.012652, 0.011757, 0.010993, 0.010360, 0.009855, 0.009477, 0.009226, 0.009100
0.010191, 0.010332, 0.010613, 0.011036, 0.011601, 0.012311, 0.013166, 0.014168, 0.015319, 0.016622, 0.018077, 0.019686, 0.021451, 0.023372, 0.025450, 0.027684, 0.030074, 0.032618, 0.035312, 0.038153, 0.041135, 0.044252, 0.047497, 0.050860, 0.054330, 0.057896, 0.061545, 0.065261, 0.069029, 0.072831, 0.076649, 0.080463, 0.084252, 0.087996, 0.091672, 0.095259, 0.098733, 0.102074, 0.105258, 0.108264, 0.111071, 0.113660, 0.116012, 0.118110, 0.119939, 0.121484, 0.122735, 0.123682, 0.124317, 0.124635, 0.124635, 0.124317, 0.123682, 0.122735, 0.121484, 0.119939, 0.118110, 0.116012, 0.113660, 0.111071, 0.108264, 0.105258, 0.102074, 0.098734, 0.095259, 0.091672, 0.087996, 0.084252, 0.080463, 0.076649, 0.072831, 0.069029, 0.065261, 0.061545, 0.057897, 0.054330, 0.050860, 0.047497, 0.044252, 0.041135, 0.038153, 0.035312, 0.032618, 0.030075, 0.027685, 0.025450, 0.023372, 0.021451, 0.019686, 0.018077, 0.016622, 0.015319, 0.014168, 0.013166, 0.012311, 0.011601, 0.011036, 0.010613, 0.010332, 0.010191
0.011400, 0.011557, 0.011872, 0.012345, 0.012978, 0.013771, 0.014728, 0.015849, 0.017137, 0.018593, 0.020221, 0.022021, 0.023995, 0.026144, 0.028469, 0.030968, 0.033642, 0.036487, 0.039501, 0.042679, 0.046014, 0.049501, 0.053131, 0.056893, 0.060775, 0.064764, 0.068845, 0.073002, 0.077217, 0.081470, 0.085741, 0.090007, 0.094246, 0.098434, 0.102546, 0.106558, 0.110445, 0.114181, 0.117743, 0.121105, 0.124246, 0.127142, 0.129773, 0.132120, 0.134165, 0.135894, 0.137293, 0.138352, 0.139062, 0.139419, 0.139419, 0.139062, 0.138352, 0.137293, 0.135894, 0.134165, 0.132120, 0.129773, 0.127142, 0.124246, 0.121106, 0.117743, 0.114181, 0.110445, 0.106558, 0.102546, 0.098434, 0.094246, 0.090007, 0.085741, 0.081470, 0.077217, 0.073003, 0.068846, 0.064764, 0.060775, 0.056893, 0.053131, 0.049502, 0.046015, 0.042679, 0.039501, 0.036487, 0.033642, 0.030969, 0.028469, 0.026144, 0.023995, 0.022021, 0.020221, 0.018593, 0.017137, 0.015849, 0.014728, 0.013771, 0.012978, 0.012345, 0.011872, 0.011557, 0.011400
0.012732, 0.012907, 0.013259, 0.013787, 0.014493, 0.015380, 0.016448, 0.017700, 0.019138, 0.020765, 0.022583, 0.024593, 0.026798, 0.029198, 0.031794, 0.034586, 0.037571, 0.040749, 0.044114, 0.047663, 0.051389, 0.055283, 0.059336, 0.063537, 0.067873, 0.072328, 0.076886, 0.081529, 0.086236, 0.090985, 0.095755, 0.100519, 0.105253, 0.109930, 0.114522, 0.119003, 0.123344, 0.127516, 0.131494, 0.135249, 0.138756, 0.141990, 0.144928, 0.147549, 0.149833, 0.151764, 0.153326, 0.154509, 0.155302, 0.155700, 0.155700, 0.155302, 0.154509, 0.153326, 0.151764, 0.149833, 0.147549, 0.144928, 0.141990, 0.138756, 0.135250, 0.131494, 0.127517, 0.123344, 0.119003, 0.114523, 0.109930, 0.105253, 0.100519, 0.095755, 0.090986, 0.086236, 0.081529, 0.076886, 0.072328, 0.067873, 0.063538, 0.059337, 0.055283, 0.051389, 0.047663, 0.044115, 0.040749, 0.037572, 0.034586, 0.031794, 0.029198, 0.026798, 0.024593, 0.022583, 0.020765, 0.019138, 0.017700, 0.016448, 0.015380, 0.014493, 0.013787, 0.013259, 0.012907, 0.012732
0.014190, 0.014386, 0.014778, 0.015366, 0.016154, 0.017142, 0.018332, 0.019727, 0.021331, 0.023144, 0.025170, 0.027410, 0.029868, 0.032543, 0.035436, 0.038547, 0.041875, 0.045416, 0.049167, 0.053123, 0.057275, 0.061615, 0.066133, 0.070815, 0.075647, 0.080612, 0.085692, 0.090867, 0.096113, 0.101406, 0.106722, 0.112032, 0.117308, 0.122520, 0.127639, 0.132633, 0.137470, 0.142121, 0.146554, 0.150739, 0.154647, 0.158251, 0.161526, 0.164447, 0.166993, 0.169145, 0.170886, 0.172204, 0.173088, 0.173532, 0.173532, 0.173089, 0.172204, 0.170887, 0.169145, 0.166993, 0.164448, 0.161526, 0.158252, 0.154647, 0.150739, 0.146554, 0.142121, 0.137470, 0.132633, 0.127639, 0.122520, 0.117308, 0.112032, 0.106722, 0.101407, 0.096113, 0.090867, 0.085693, 0.080613, 0.075647, 0.070815, 0.066133, 0.061615, 0.057275, 0.053123, 0.049168, 0.045416, 0.041875, 0.038547, 0.035436, 0.032543, 0.029868, 0.027410, 0.025170, 0.023144, 0.021331, 0.019728, 0.018332, 0.017142, 0.016154, 0.015366, 0.014778, 0.014386, 0.014190
0.015779, 0.015997, 0.016432, 0.017087, 0.017963, 0.019061, 0.020385, 0.021936, 0.023719, 0.025735, 0.027988, 0.030479, 0.033212, 0.036186, 0.039404, 0.042863, 0.046563, 0.050501, 0.054672, 0.059071, 0.063688, 0.068514, 0.073537, 0.078744, 0.084117, 0.089638, 0.095287, 0.101040, 0.106873, 0.112760, 0.118670, 0.124575, 0.130441, 0.136237, 0.141929, 0.147481, 0.152860, 0.158031, 0.162960, 0.167614, 0.171960, 0.175969, 0.179610, 0.182858, 0.185689, 0.188082, 0.190018, 0.191483, 0.192467, 0.192960, 0.192960, 0.192467, 0.191484, 0.190018, 0.188082, 0.185689, 0.182858, 0.179610, 0.175969, 0.171961, 0.167614, 0.162961, 0.158032, 0.152860, 0.147482, 0.141929, 0.136238, 0.130442, 0.124575, 0.118670, 0.112760, 0.106874, 0.101040, 0.095287, 0.089638, 0.084117, 0.078744, 0.073538, 0.068514, 0.063688, 0.059071, 0.054673, 0.050502, 0.046564, 0.042863, 0.039404, 0.036187, 0.033212, 0.030480, 0.027988, 0.025735, 0.023719, 0.021937, 0.020385, 0.019061, 0.017963, 0.017087, 0.016432, 0.015997, 0.015779
0.017502, 0.017743, 0.018226, 0.018953, 0.019924, 0.021142, 0.022610, 0.024331, 0.026308, 0.028545, 0.031043, 0.033807, 0.036837, 0.040137, 0.043705, 0.047542, 0.051647, 0.056014, 0.060641, 0.065519, 0.070640, 0.075993, 0.081565, 0.087339, 0.093299, 0.099422, 0.105688, 0.112069, 0.118539, 0.125068, 0.131623, 0.138172, 0.144679, 0.151107, 0.157420, 0.163579, 0.169545, 0.175281, 0.180748, 0.185909, 0.190730, 0.195176, 0.199215, 0.202817, 0.205957, 0.208611, 0.210759, 0.212384, 0.213475, 0.214022, 0.214022, 0.213475, 0.212384, 0.210759, 0.208611, 0.205958, 0.202818, 0.199215, 0.195176, 0.190730, 0.185910, 0.180748, 0.175281, 0.169545, 0.163579, 0.157420, 0.151108, 0.144679, 0.138172, 0.131624, 0.125068, 0.118540, 0.112070, 0.105688, 0.099423, 0.093299, 0.087339, 0.081565, 0.075993, 0.070640, 0.065519, 0.060641, 0.056015, 0.051647, 0.047543, 0.043705, 0.040137, 0.036838, 0.033807, 0.031044, 0.028545, 0.026309, 0.024331, 0.022610, 0.021142, 0.019924, 0.018953, 0.018226, 0.017743, 0.017502
0.019361, 0.019628, 0.020162, 0.020966, 0.022040, 0.023387, 0.025012, 0.026915, 0.029103, 0.031576, 0.034340, 0.037397, 0.040750, 0.044399, 0.048347, 0.052591, 0.057131, 0.061963, 0.067080, 0.072476, 0.078141, 0.084063, 0.090226, 0.096613, 0.103206, 0.109980, 0.116910, 0.123969, 0.131126, 0.138348, 0.145599, 0.152843, 0.160041, 0.167152, 0.174135, 0.180948, 0.187548, 0.193892, 0.199940, 0.205650, 0.210982, 0.215900, 0.220368, 0.224353, 0.227826, 0.230762, 0.233138, 0.234936, 0.236142, 0.236748, 0.236748, 0.236142, 0.234936, 0.233138, 0.230762, 0.227827, 0.224353, 0.220368, 0.215900, 0.210983, 0.205650, 0.199940, 0.193893, 0.187548, 0.180948, 0.174136, 0.167153, 0.160042, 0.152844, 0.145600, 0.138348, 0.131127, 0.123970, 0.116911, 0.109980, 0.103206, 0.096614, 0.090226, 0.084063, 0.078142, 0.072477, 0.067081, 0.061963, 0.057131, 0.052592, 0.048347, 0.044399, 0.040750, 0.037397, 0.034340, 0.031577, 0.029103, 0.026916, 0.025012, 0.023388, 0.022040, 0.020966, 0.020162, 0.019628, 0.019361
0.021357, 0.021652, 0.022241, 0.023127, 0.024313, 0.025799, 0.027591, 0.029691, 0.032103, 0.034832, 0.037881, 0.041253, 0.044951, 0.048977, 0.053332, 0.058014, 0.063022, 0.068351, 0.073997, 0.079949, 0.086198, 0.092730, 0.099528, 0.106574, 0.113846, 0.121318, 0.128963, 0.136750, 0.144644, 0.152611, 0.160610, 0.168601, 0.176541, 0.184385, 0.192088, 0.199603, 0.206883, 0.213881, 0.220553, 0.226851, 0.232733, 0.238158, 0.243087, 0.247483, 0.251314, 0.254552, 0.257173, 0.259156, 0.260487, 0.261155, 0.261155, 0.260487, 0.259156, 0.257173, 0.254552, 0.251314, 0.247483, 0.243087, 0.238159, 0.232734, 0.226851, 0.220553, 0.213882, 0.206883, 0.199603, 0.192088, 0.184385, 0.176541, 0.168601, 0.160610, 0.152611, 0.144645, 0.136750, 0.128964, 0.121319, 0.113847, 0.106575, 0.099529, 0.092730, 0.086198, 0.079949, 0.073997, 0.068352, 0.063022, 0.058014, 0.053332, 0.048977, 0.044952, 0.041253, 0.037881, 0.034833, 0.032104, 0.029691, 0.027591, 0.025799, 0.024313, 0.023128, 0.022241, 0.021652, 0.021357
0.023492, 0.023816, 0.024464, 0.025439, 0.026742, 0.028378, 0.030348, 0.032658, 0.035312, 0.038313, 0.041667, 0.045376, 0.049444, 0.053872, 0.058661, 0.063811, 0.069320, 0.075182, 0.081391, 0.087938, 0.094811, 0.101996, 0.109474, 0.117224, 0.125222, 0.133441, 0.141849, 0.150414, 0.159098, 0.167860, 0.176658, 0.185448, 0.194181, 0.202809, 0.211281, 0.219547, 0.227555, 0.235253, 0.242591, 0.249518, 0.255989, 0.261955, 0.267376, 0.272211, 0.276426, 0.279987, 0.282870, 0.285051, 0.286515, 0.287249, 0.287249, 0.286515, 0.285051, 0.282870, 0.279987, 0.276426, 0.272212, 0.267376, 0.261956, 0.255989, 0.249519, 0.242591, 0.235253, 0.227555, 0.219548, 0.211282, 0.202810, 0.194182, 0.185448, 0.176659, 0.167860, 0.159098, 0.150414, 0.141850, 0.133441, 0.125223, 0.117224, 0.109474, 0.101996, 0.094812, 0.087939, 0.081392, 0.075182, 0.069320, 0.063812, 0.058662, 0.053872, 0.049444, 0.045376, 0.041667, 0.038314, 0.035312, 0.032658, 0.030348, 0.028378, 0.026743, 0.025439, 0.024464, 0.023816, 0.023492
0.025764, 0.026119, 0.026830, 0.027899, 0.029329, 0.031122, 0.033283, 0.035817, 0.038727, 0.042019, 0.045696, 0.049764, 0.054225, 0.059081, 0.064334, 0.069982, 0.076023, 0.082452, 0.089262, 0.096442, 0.103979, 0.111858, 0.120059, 0.128559, 0.137330, 0.146343, 0.155565, 0.164958, 0.174481, 0.184091, 0.193740, 0.203379, 0.212957, 0.222419, 0.231710, 0.240775, 0.249557, 0.258000, 0.266047, 0.273644, 0.280740, 0.287284, 0.293228, 0.298531, 0.303153, 0.307059, 0.310220, 0.312613, 0.314218, 0.315023, 0.315023, 0.314218, 0.312613, 0.310220, 0.307059, 0.303153, 0.298532, 0.293229, 0.287284, 0.280740, 0.273645, 0.266047, 0.258000, 0.249558, 0.240776, 0.231711, 0.222419, 0.212957, 0.203380, 0.193740, 0.184091, 0.174482, 0.164959, 0.155566, 0.146344, 0.137331, 0.128559, 0.120059, 0.111859, 0.103980, 0.096442, 0.089262, 0.082452, 0.076023, 0.069982, 0.064334, 0.059082, 0.054225, 0.049764, 0.045697, 0.042019, 0.038727, 0.035817, 0.033283, 0.031122, 0.029329, 0.027899, 0.026830, 0.026119, 0.025764
0.028172, 0.028560, 0.029337, 0.030506, 0.032069, 0.034030, 0.036393, 0.039163, 0.042345, 0.045945, 0.049966, 0.054414, 0.059291, 0.064601, 0.070345, 0.076520, 0.083126, 0.090155, 0.097601, 0.105452, 0.113693, 0.122308, 0.131275, 0.140568, 0.150159, 0.160015, 0.170098, 0.180368, 0.190781, 0.201288, 0.211839, 0.222379, 0.232851, 0.243197, 0.253356, 0.263268, 0.272870, 0.282101, 0.290900, 0.299207, 0.306966, 0.314121, 0.320621, 0.326419, 0.331472, 0.335743, 0.339200, 0.341816, 0.343571, 0.344452, 0.344452, 0.343571, 0.341816, 0.339200, 0.335744, 0.331473, 0.326419, 0.320621, 0.314121, 0.306966, 0.299208, 0.290901, 0.282102, 0.272871, 0.263269, 0.253357, 0.243197, 0.232851, 0.222379, 0.211840, 0.201289, 0.190782, 0.180369, 0.170099, 0.160015, 0.150160, 0.140569, 0.131275, 0.122309, 0.113694, 0.105452, 0.097601, 0.090155, 0.083126, 0.076521, 0.070345, 0.064602, 0.059292, 0.054414, 0.049966, 0.045945, 0.042346, 0.039163, 0.036393, 0.034030, 0.032069, 0.030506, 0.029338, 0.028560, 0.028172
0.030711, 0.031134, 0.031982, 0.033256, 0.034960, 0.037098, 0.039674, 0.042693, 0.046162, 0.050086, 0.054470, 0.059318, 0.064635, 0.070424, 0.076685, 0.083417, 0.090617, 0.098280, 0.106397, 0.114955, 0.123939, 0.133330, 0.143105, 0.153236, 0.163692, 0.174435, 0.185427, 0.196623, 0.207974, 0.219428, 0.230930, 0.242419, 0.253835, 0.265113, 0.276188, 0.286993, 0.297461, 0.307523, 0.317115, 0.326171, 0.334629, 0.342428, 0.349514, 0.355835, 0.361343, 0.365999, 0.369767, 0.372619, 0.374532, 0.375492, 0.375492, 0.374532, 0.372619, 0.369767, 0.365999, 0.361344, 0.355835, 0.349515, 0.342429, 0.334629, 0.326172, 0.317116, 0.307524, 0.297461, 0.286994, 0.276189, 0.265114, 0.253835, 0.242420, 0.230930, 0.219429, 0.207975, 0.196624, 0.185428, 0.174436, 0.163692, 0.153237, 0.143106, 0.133331, 0.123940, 0.114956, 0.106397, 0.098281, 0.090618, 0.083417, 0.076685, 0.070424, 0.064636, 0.059319, 0.054470, 0.050086, 0.046162, 0.042694, 0.039674, 0.037098, 0.034960, 0.033256, 0.031982, 0.031134, 0.030711
0.033378, 0.033838, 0.034759, 0.036144, 0.037995, 0.040319, 0.043118, 0.046400, 0.050170, 0.054434, 0.059198, 0.064468, 0.070247, 0.076537, 0.083342, 0.090658, 0.098484, 0.106812, 0.115633, 0.124934, 0.134698, 0.144904, 0.155527, 0.166538, 0.177900, 0.189577, 0.201523, 0.213691, 0.226027, 0.238475, 0.250974, 0.263461, 0.275868, 0.288125, 0.300161, 0.311904, 0.323280, 0.334216, 0.344640, 0.354482, 0.363674, 0.372150, 0.379851, 0.386720, 0.392707, 0.397767, 0.401862, 0.404961, 0.407040, 0.408084, 0.408084, 0.407040, 0.404961, 0.401862, 0.397767, 0.392707, 0.386721, 0.379852, 0.372151, 0.363674, 0.354483, 0.344641, 0.334217, 0.323281, 0.311905, 0.300162, 0.288126, 0.275868, 0.263462, 0.250975, 0.238476, 0.226028, 0.213691, 0.201524, 0.189578, 0.177901, 0.166538, 0.155528, 0.144905, 0.134698, 0.124934, 0.115633, 0.106812, 0.098484, 0.090659, 0.083342, 0.076538, 0.070247, 0.064468, 0.059199, 0.054434, 0.050170, 0.046400, 0.043118, 0.040319, 0.037995, 0.036144, 0.034759, 0.033838, 0.033378
0.036164, 0.036663, 0.037661, 0.039161, 0.041168, 0.043685, 0.046718, 0.050274, 0.054359, 0.058979, 0.064141, 0.069850, 0.076111, 0.082927, 0.090299, 0.098226, 0.106705, 0.115728, 0.125285, 0.135362, 0.145941, 0.157000, 0.168510, 0.180439, 0.192751, 0.205402, 0.218345, 0.231528, 0.244894, 0.258381, 0.271924, 0.285452, 0.298895, 0.312175, 0.325216, 0.337939, 0.350264, 0.362113, 0.373408, 0.384071, 0.394029, 0.403213, 0.411557, 0.418999, 0.425486, 0.430968, 0.435405, 0.438762, 0.441015, 0.442146, 0.442146, 0.441015, 0.438763, 0.435405, 0.430968, 0.425486, 0.419000, 0.411557, 0.403214, 0.394030, 0.384071, 0.373408, 0.362114, 0.350265, 0.337940, 0.325217, 0.312176, 0.298896, 0.285453, 0.271924, 0.258382, 0.244895, 0.231529, 0.218346, 0.205402, 0.192751, 0.180440, 0.168511, 0.157001, 0.145942, 0.135363, 0.125285, 0.115728, 0.106705, 0.098227, 0.090299, 0.082927, 0.076111, 0.069850, 0.064141, 0.058979, 0.054359, 0.050274, 0.046718, 0.043685, 0.041168, 0.039161, 0.037661, 0.036663, 0.036164
0.039063, 0.039602, 0.040680, 0.042300, 0.044468, 0.047186, 0.050463, 0.054304, 0.058716, 0.063706, 0.069282, 0.075448, 0.082211, 0.089573, 0.097536, 0.106098, 0.115256, 0.125002, 0.135325, 0.146210, 0.157637, 0.169582, 0.182015, 0.194900, 0.208198, 0.221862, 0.235843, 0.250082, 0.264519, 0.279087, 0.293715, 0.308328, 0.322847, 0.337192, 0.351278, 0.365020, 0.378333, 0.391131, 0.403330, 0.414848, 0.425605, 0.435525, 0.444537, 0.452576, 0.459582, 0.465503, 0.470295, 0.473922, 0.476355, 0.477577, 0.477577, 0.476355, 0.473922, 0.470296, 0.465504, 0.459582, 0.452576, 0.444537, 0.435525, 0.425605, 0.414849, 0.403331, 0.391132, 0.378334, 0.365021, 0.351278, 0.337192, 0.322848, 0.308329, 0.293716, 0.279088, 0.264520, 0.250083, 0.235844, 0.221863, 0.208199, 0.194901, 0.182015, 0.169583, 0.157638, 0.146211, 0.135326, 0.125003, 0.115257, 0.106099, 0.097537, 0.089574, 0.082212, 0.075449, 0.069282, 0.063706, 0.058716, 0.054304, 0.050463, 0.047187, 0.044468, 0.042301, 0.040680, 0.039602, 0.039063
0.042064, 0.042644, 0.043805, 0.045550, 0.047884, 0.050811, 0.054339, 0.058475, 0.063226, 0.068600, 0.074603, 0.081244, 0.088526, 0.096453, 0.105028, 0.114248, 0.124109, 0.134603, 0.145719, 0.157440, 0.169745, 0.182607, 0.195994, 0.209869, 0.224188, 0.238902, 0.253956, 0.269289, 0.284835, 0.300521, 0.316272, 0.332008, 0.347642, 0.363088, 0.378255, 0.393053, 0.407389, 0.421170, 0.434306, 0.446708, 0.458290, 0.468972, 0.478676, 0.487332, 0.494876, 0.501252, 0.506413, 0.510318, 0.512938, 0.514253, 0.514253, 0.512938, 0.510318, 0.506413, 0.501253, 0.494877, 0.487332, 0.478677, 0.468973, 0.458291, 0.446708, 0.434306, 0.421170, 0.407389, 0.393054, 0.378256, 0.363089, 0.347643, 0.332008, 0.316273, 0.300522, 0.284836, 0.269290, 0.253957, 0.238903, 0.224189, 0.209870, 0.195995, 0.182608, 0.169746, 0.157441, 0.145720, 0.134604, 0.124109, 0.114248, 0.105028, 0.096454, 0.088526, 0.081244, 0.074604, 0.068600, 0.063226, 0.058475, 0.054340, 0.050811, 0.047884, 0.045550, 0.043805, 0.042644, 0.042064
0.045156, 0.045778, 0.047024, 0.048897, 0.051402, 0.054545, 0.058332, 0.062772, 0.067872, 0.073640, 0.080085, 0.087213, 0.095030, 0.103540, 0.112744, 0.122641, 0.133227, 0.144492, 0.156425, 0.169007, 0.182216, 0.196023, 0.210394, 0.225288, 0.240659, 0.256454, 0.272613, 0.289073, 0.305760, 0.322599, 0.339507, 0.356398, 0.373181, 0.389762, 0.406043, 0.421928, 0.437316, 0.452110, 0.466211, 0.479524, 0.491957, 0.503423, 0.513840, 0.523132, 0.531230, 0.538075, 0.543614, 0.547806, 0.550619, 0.552030, 0.552030, 0.550619, 0.547806, 0.543614, 0.538075, 0.531231, 0.523132, 0.513841, 0.503424, 0.491958, 0.479525, 0.466212, 0.452111, 0.437317, 0.421929, 0.406044, 0.389763, 0.373182, 0.356399, 0.339509, 0.322600, 0.305761, 0.289074, 0.272614, 0.256455, 0.240660, 0.225289, 0.210394, 0.196024, 0.182217, 0.169008, 0.156426, 0.144493, 0.133227, 0.122642, 0.112745, 0.103541, 0.095031, 0.087214, 0.080085, 0.073641, 0.067872, 0.062772, 0.058333, 0.054545, 0.051403, 0.048898, 0.047024, 0.045778, 0.045156
0.048324, 0.048989, 0.050323, 0.052328, 0.055008, 0.058371, 0.062424, 0.067175, 0.072633, 0.078806, 0.085703, 0.093330, 0.101696, 0.110802, 0.120652, 0.131243, 0.142571, 0.154627, 0.167396, 0.180861, 0.194996, 0.209771, 0.225150, 0.241088, 0.257537, 0.274440, 0.291733, 0.309346, 0.327204, 0.345224, 0.363318, 0.381393, 0.399353, 0.417096, 0.434519, 0.451518, 0.467985, 0.483816, 0.498905, 0.513152, 0.526457, 0.538727, 0.549875, 0.559818, 0.568484, 0.575809, 0.581737, 0.586222, 0.589232, 0.590743, 0.590743, 0.589232, 0.586223, 0.581737, 0.575809, 0.568485, 0.559819, 0.549875, 0.538728, 0.526458, 0.513153, 0.498906, 0.483817, 0.467986, 0.451519, 0.434520, 0.417097, 0.399354, 0.381394, 0.363319, 0.345225, 0.327205, 0.309347, 0.291734, 0.274441, 0.257538, 0.241089, 0.225151, 0.209772, 0.194997, 0.180862, 0.167397, 0.154627, 0.142572, 0.131244, 0.120652, 0.110803, 0.101696, 0.093331, 0.085703, 0.078806, 0.072633, 0.067175, 0.062425, 0.058372, 0.055009, 0.052328, 0.050323, 0.048989, 0.048324
0.051553, 0.052263, 0.053686, 0.055824, 0.058684, 0.062272, 0.066596, 0.071664, 0.077486, 0.084071, 0.091429, 0.099566, 0.108490, 0.118205, 0.128712, 0.140011, 0.152096, 0.164957, 0.178580, 0.192944, 0.208023, 0.223785, 0.240191, 0.257194, 0.274742, 0.292773, 0.311222, 0.330012, 0.349062, 0.368286, 0.387588, 0.406871, 0.426030, 0.444958, 0.463546, 0.481679, 0.499247, 0.516135, 0.532232, 0.547430, 0.561624, 0.574714, 0.586606, 0.597214, 0.606458, 0.614272, 0.620596, 0.625381, 0.628592, 0.630204, 0.630204, 0.628592, 0.625382, 0.620596, 0.614273, 0.606459, 0.597214, 0.586607, 0.574715, 0.561625, 0.547431, 0.532233, 0.516136, 0.499248, 0.481680, 0.463547, 0.444960, 0.426031, 0.406872, 0.387589, 0.368287, 0.349063, 0.330013, 0.311223, 0.292775, 0.274743, 0.257195, 0.240192, 0.223786, 0.208024, 0.192945, 0.178581, 0.164958, 0.152097, 0.140012, 0.128713, 0.118205, 0.108491, 0.099567, 0.091429, 0.084072, 0.077486, 0.071664, 0.066596, 0.062272, 0.058684, 0.055825, 0.053686, 0.052263, 0.051553
0.054826, 0.055582, 0.057095, 0.059369, 0.062410, 0.066226, 0.070824, 0.076214, 0.082406, 0.089409, 0.097233, 0.105887, 0.115378, 0.125709, 0.136883, 0.148900, 0.161752, 0.175429, 0.189917, 0.205193, 0.221229, 0.237992, 0.255439, 0.273521, 0.292183, 0.311359, 0.330978, 0.350961, 0.371221, 0.391664, 0.412192, 0.432698, 0.453073, 0.473203, 0.492970, 0.512255, 0.530937, 0.548896, 0.566016, 0.582179, 0.597273, 0.611194, 0.623841, 0.635122, 0.644954, 0.653262, 0.659988, 0.665077, 0.668491, 0.670206, 0.670206, 0.668491, 0.665078, 0.659988, 0.653263, 0.644954, 0.635123, 0.623842, 0.611195, 0.597274, 0.582180, 0.566017, 0.548897, 0.530938, 0.512256, 0.492971, 0.473204, 0.453075, 0.432699, 0.412193, 0.391665, 0.371222, 0.350962, 0.330979, 0.311360, 0.292184, 0.273522, 0.255440, 0.237993, 0.221230, 0.205194, 0.189918, 0.175430, 0.161753, 0.148900, 0.136884, 0.125710, 0.115378, 0.105888, 0.097234, 0.089409, 0.082406, 0.076214, 0.070824, 0.066226, 0.062411, 0.059369, 0.057095, 0.055582, 0.054826
0.058126, 0.058927, 0.060531, 0.062942, 0.066166, 0.070211, 0.075086, 0.080800, 0.087364, 0.094789, 0.103084, 0.112259, 0.122320, 0.133272, 0.145119, 0.157859, 0.171484, 0.185984, 0.201343, 0.217538, 0.234539, 0.252310, 0.270807, 0.289977, 0.309761, 0.330091, 0.350890, 0.372075, 0.393554, 0.415227, 0.436989, 0.458729, 0.480330, 0.501670, 0.522626, 0.543071, 0.562877, 0.581917, 0.600066, 0.617201, 0.633204, 0.647961, 0.661369, 0.673328, 0.683751, 0.692561, 0.699690, 0.705086, 0.708705, 0.710523, 0.710523, 0.708706, 0.705086, 0.699691, 0.692561, 0.683752, 0.673329, 0.661370, 0.647962, 0.633204, 0.617202, 0.600067, 0.581918, 0.562878, 0.543072, 0.522627, 0.501671, 0.480331, 0.458730, 0.436990, 0.415228, 0.393555, 0.372076, 0.350891, 0.330092, 0.309763, 0.289978, 0.270808, 0.252311, 0.234540, 0.217539, 0.201344, 0.185985, 0.171485, 0.157859, 0.145120, 0.133273, 0.122320, 0.112259, 0.103085, 0.094789, 0.087365, 0.080801, 0.075086, 0.070212, 0.066167, 0.062942, 0.060531, 0.058927, 0.058126
0.061432, 0.062278, 0.063973, 0.066521, 0.069929, 0.074204, 0.079356, 0.085395, 0.092332, 0.100179, 0.108945, 0.118641, 0.129274, 0.140850, 0.153370, 0.166834, 0.181234, 0.196559, 0.212791, 0.229906, 0.247873, 0.266655, 0.286203, 0.306463, 0.327371, 0.348857, 0.370838, 0.393227, 0.415926, 0.438831, 0.461831, 0.484806, 0.507635, 0.530188, 0.552335, 0.573942, 0.594874, 0.614996, 0.634177, 0.652286, 0.669198, 0.684795, 0.698964, 0.711603, 0.722619, 0.731929, 0.739463, 0.745165, 0.748991, 0.750911, 0.750911, 0.748991, 0.745166, 0.739464, 0.731929, 0.722619, 0.711604, 0.698965, 0.684796, 0.669199, 0.652287, 0.634178, 0.614998, 0.594875, 0.573943, 0.552337, 0.530190, 0.507636, 0.484808, 0.461832, 0.438833, 0.415928, 0.393228, 0.370840, 0.348858, 0.327373, 0.306464, 0.286204, 0.266656, 0.247875, 0.229907, 0.212792, 0.196560, 0.181235, 0.166835, 0.153371, 0.140851, 0.129275, 0.118642, 0.108946, 0.100179, 0.092332, 0.085395, 0.079356, 0.074204, 0.069929, 0.066522, 0.063973, 0.062278, 0.061432
0.064722, 0.065614, 0.067400, 0.070084, 0.073674, 0.078178, 0.083606, 0.089968, 0.097277, 0.105544, 0.114780, 0.124995, 0.136197, 0.148393, 0.161583, 0.175768, 0.190939, 0.207084, 0.224185, 0.242217, 0.261146, 0.280933, 0.301528, 0.322872, 0.344900, 0.367536, 0.390694, 0.414282, 0.438196, 0.462327, 0.486558, 0.510764, 0.534814, 0.558575, 0.581908, 0.604671, 0.626724, 0.647923, 0.668131, 0.687209, 0.705027, 0.721458, 0.736386, 0.749701, 0.761307, 0.771115, 0.779053, 0.785060, 0.789090, 0.791113, 0.791114, 0.789091, 0.785060, 0.779053, 0.771116, 0.761307, 0.749702, 0.736387, 0.721459, 0.705027, 0.687210, 0.668132, 0.647925, 0.626725, 0.604673, 0.581909, 0.558577, 0.534816, 0.510765, 0.486560, 0.462329, 0.438198, 0.414283, 0.390696, 0.367537, 0.344902, 0.322874, 0.301529, 0.280934, 0.261147, 0.242218, 0.224186, 0.207085, 0.190940, 0.175769, 0.161584, 0.148393, 0.136198, 0.124995, 0.114780, 0.105544, 0.097277, 0.089969, 0.083606, 0.078179, 0.073675, 0.070085, 0.067400, 0.065614, 0.064722
0.067975, 0.068912, 0.070788, 0.073607, 0.077378, 0.082108, 0.087808, 0.094490, 0.102166, 0.110848, 0.120548, 0.131276, 0.143041, 0.155850, 0.169703, 0.184600, 0.200534, 0.217490, 0.235450, 0.254388, 0.274268, 0.295049, 0.316678, 0.339096, 0.362230, 0.386003, 0.410325, 0.435097, 0.460213, 0.485556, 0.511004, 0.536426, 0.561685, 0.586639, 0.611144, 0.635051, 0.658211, 0.680476, 0.701698, 0.721735, 0.740448, 0.757704, 0.773382, 0.787366, 0.799555, 0.809856, 0.818192, 0.824501, 0.828734, 0.830859, 0.830859, 0.828734, 0.824501, 0.818193, 0.809856, 0.799555, 0.787367, 0.773383, 0.757705, 0.740449, 0.721736, 0.701699, 0.680477, 0.658213, 0.635052, 0.611146, 0.586641, 0.561686, 0.536428, 0.511006, 0.485558, 0.460215, 0.435099, 0.410326, 0.386005, 0.362232, 0.339097, 0.316680, 0.295050, 0.274270, 0.254389, 0.235451, 0.217491, 0.200535, 0.184601, 0.169704, 0.155851, 0.143042, 0.131276, 0.120548, 0.110848, 0.102166, 0.094490, 0.087808, 0.082108, 0.077378, 0.073607, 0.070788, 0.068912, 0.067975
0.071168, 0.072149, 0.074113, 0.077065, 0.081012, 0.085964, 0.091932, 0.098928, 0.106964, 0.116054, 0.126209, 0.137441, 0.149759, 0.163169, 0.177673, 0.193269, 0.209951, 0.227703, 0.246507, 0.266333, 0.287147, 0.308904, 0.331548, 0.355018, 0.379239, 0.404128, 0.429591, 0.455526, 0.481821, 0.508354, 0.534997, 0.561612, 0.588057, 0.614183, 0.639838, 0.664867, 0.689115, 0.712425, 0.734643, 0.755620, 0.775211, 0.793278, 0.809691, 0.824332, 0.837093, 0.847877, 0.856605, 0.863210, 0.867642, 0.869866, 0.869866, 0.867642, 0.863210, 0.856606, 0.847878, 0.837093, 0.824333, 0.809692, 0.793279, 0.775212, 0.755621, 0.734644, 0.712426, 0.689116, 0.664869, 0.639839, 0.614184, 0.588058, 0.561614, 0.534999, 0.508356, 0.481823, 0.455528, 0.429593, 0.404129, 0.379240, 0.355019, 0.331550, 0.308905, 0.287149, 0.266335, 0.246508, 0.227704, 0.209952, 0.193270, 0.177674, 0.163170, 0.149760, 0.137441, 0.126210, 0.116054, 0.106965, 0.098928, 0.091933, 0.085965, 0.081012, 0.077065, 0.074113, 0.072149, 0.071168
0.074278, 0.075301, 0.077351, 0.080432, 0.084551, 0.089720, 0.095948, 0.103249, 0.111636, 0.121123, 0.131721, 0.143444, 0.156300, 0.170296, 0.185433, 0.201711, 0.219120, 0.237648, 0.257272, 0.277965, 0.299688, 0.322394, 0.346028, 0.370522, 0.395800, 0.421776, 0.448351, 0.475419, 0.502862, 0.530553, 0.558359, 0.586136, 0.613736, 0.641002, 0.667778, 0.693900, 0.719206, 0.743533, 0.766722, 0.788615, 0.809061, 0.827916, 0.845046, 0.860326, 0.873644, 0.884899, 0.894008, 0.900901, 0.905526, 0.907848, 0.907848, 0.905527, 0.900902, 0.894009, 0.884900, 0.873644, 0.860327, 0.845047, 0.827917, 0.809062, 0.788616, 0.766723, 0.743535, 0.719207, 0.693901, 0.667779, 0.641004, 0.613737, 0.586138, 0.558361, 0.530555, 0.502863, 0.475421, 0.448353, 0.421777, 0.395802, 0.370524, 0.346029, 0.322396, 0.299689, 0.277966, 0.257274, 0.237649, 0.219121, 0.201712, 0.185434, 0.170296, 0.156301, 0.143445, 0.131722, 0.121123, 0.111637, 0.103250, 0.095949, 0.089720, 0.084552, 0.080432, 0.077351, 0.075301, 0.074278
0.077280, 0.078344, 0.080477, 0.083682, 0.087968, 0.093345, 0.099825, 0.107421, 0.116147, 0.126016, 0.137043, 0.149239, 0.162615, 0.177176, 0.192925, 0.209860, 0.227972, 0.247248, 0.267666, 0.289194, 0.311794, 0.335418, 0.360006, 0.385489, 0.411788, 0.438813, 0.466461, 0.494622, 0.523173, 0.551984, 0.580912, 0.609811, 0.638525, 0.666893, 0.694749, 0.721926, 0.748254, 0.773564, 0.797689, 0.820466, 0.841738, 0.861355, 0.879176, 0.895073, 0.908928, 0.920638, 0.930115, 0.937286, 0.942098, 0.944514, 0.944514, 0.942098, 0.937287, 0.930115, 0.920639, 0.908929, 0.895074, 0.879177, 0.861356, 0.841739, 0.820467, 0.797690, 0.773566, 0.748256, 0.721928, 0.694751, 0.666895, 0.638527, 0.609813, 0.580914, 0.551985, 0.523175, 0.494624, 0.466463, 0.438815, 0.411790, 0.385491, 0.360007, 0.335419, 0.311795, 0.289195, 0.267667, 0.247250, 0.227974, 0.209861, 0.192926, 0.177177, 0.162616, 0.149240, 0.137044, 0.126017, 0.116147, 0.107422, 0.099826, 0.093346, 0.087968, 0.083682, 0.080477, 0.078344, 0.077280
0.080150, 0.081254, 0.083466, 0.086790, 0.091235, 0.096812, 0.103532, 0.111410, 0.120460, 0.130696, 0.142132, 0.154781, 0.168653, 0.183755, 0.200088, 0.217652, 0.236437, 0.256428, 0.277603, 0.299931, 0.323370, 0.347870, 0.373371, 0.399801, 0.427076, 0.455104, 0.483778, 0.512984, 0.542595, 0.572475, 0.602477, 0.632449, 0.662228, 0.691649, 0.720539, 0.748725, 0.776030, 0.802279, 0.827299, 0.850921, 0.872983, 0.893328, 0.911811, 0.928297, 0.942667, 0.954811, 0.964639, 0.972077, 0.977067, 0.979572, 0.979572, 0.977067, 0.972077, 0.964640, 0.954812, 0.942667, 0.928298, 0.911812, 0.893329, 0.872984, 0.850923, 0.827301, 0.802281, 0.776032, 0.748727, 0.720541, 0.691651, 0.662230, 0.632451, 0.602479, 0.572477, 0.542597, 0.512986, 0.483780, 0.455105, 0.427078, 0.399802, 0.373373, 0.347872, 0.323372, 0.299932, 0.277605, 0.256430, 0.236438, 0.217653, 0.200089, 0.183756, 0.168654, 0.154782, 0.142133, 0.130696, 0.120460, 0.111411, 0.103533, 0.096812, 0.091236, 0.086790, 0.083466, 0.081254, 0.080150
0.082866, 0.084007, 0.086294, 0.089730, 0.094326, 0.100092, 0.107040, 0.115184, 0.124540, 0.135122, 0.146946, 0.160024, 0.174365, 0.189978, 0.206865, 0.225023, 0.244445, 0.265113, 0.287005, 0.310089, 0.334321, 0.359651, 0.386015, 0.413339, 0.441538, 0.470515, 0.500160, 0.530355, 0.560968, 0.591859, 0.622878, 0.653864, 0.684652, 0.715069, 0.744937, 0.774077, 0.802306, 0.829444, 0.855310, 0.879732, 0.902540, 0.923574, 0.942682, 0.959727, 0.974582, 0.987138, 0.997298, 1.004988, 1.010147, 1.012737, 1.012737, 1.010147, 1.004988, 0.997299, 0.987138, 0.974583, 0.959728, 0.942683, 0.923575, 0.902541, 0.879734, 0.855312, 0.829445, 0.802308, 0.774078, 0.744939, 0.715070, 0.684654, 0.653866, 0.622880, 0.591861, 0.560970, 0.530357, 0.500162, 0.470516, 0.441540, 0.413341, 0.386017, 0.359653, 0.334323, 0.310090, 0.287006, 0.265114, 0.244446, 0.225025, 0.206866, 0.189979, 0.174366, 0.160025, 0.146947, 0.135123, 0.124541, 0.115185, 0.107040, 0.100092, 0.094326, 0.089731, 0.086294, 0.084007, 0.082866
0.085404, 0.086580, 0.088936, 0.092478, 0.097215, 0.103157, 0.110317, 0.118711, 0.128353, 0.139260, 0.151445, 0.164923, 0.179704, 0.195795, 0.213198, 0.231912, 0.251928, 0.273229, 0.295791, 0.319581, 0.344555, 0.370660, 0.397831, 0.425992, 0.455053, 0.484917, 0.515469, 0.546588, 0.578138, 0.609975, 0.641942, 0.673877, 0.705607, 0.736955, 0.767737, 0.797768, 0.826861, 0.854829, 0.881487, 0.906656, 0.930162, 0.951838, 0.971532, 0.989098, 1.004408, 1.017347, 1.027818, 1.035743, 1.041060, 1.043730, 1.043730, 1.041061, 1.035744, 1.027819, 1.017347, 1.004408, 0.989099, 0.971533, 0.951840, 0.930163, 0.906658, 0.881489, 0.854830, 0.826863, 0.797770, 0.767739, 0.736956, 0.705609, 0.673879, 0.641944, 0.609977, 0.578140, 0.546590, 0.515471, 0.484918, 0.455055, 0.425994, 0.397833, 0.370662, 0.344557, 0.319583, 0.295793, 0.273230, 0.251929, 0.231914, 0.213200, 0.195796, 0.179705, 0.164924, 0.151446, 0.139260, 0.128354, 0.118711, 0.110318, 0.103157, 0.097215, 0.092479, 0.088937, 0.086580, 0.085404
0.087742, 0.088951, 0.091372, 0.095010, 0.099876, 0.105981, 0.113337, 0.121960, 0.131866, 0.143072, 0.155591, 0.169437, 0.184623, 0.201154, 0.219033, 0.238259, 0.258822, 0.280706, 0.303886, 0.328327, 0.353984, 0.380803, 0.408718, 0.437648, 0.467505, 0.498185, 0.529574, 0.561544, 0.593957, 0.626665, 0.659507, 0.692315, 0.724913, 0.757118, 0.788742, 0.819595, 0.849484, 0.878216, 0.905604, 0.931461, 0.955609, 0.977878, 0.998110, 1.016157, 1.031885, 1.045179, 1.055937, 1.064079, 1.069541, 1.072283, 1.072284, 1.069542, 1.064079, 1.055938, 1.045179, 1.031886, 1.016158, 0.998111, 0.977880, 0.955611, 0.931462, 0.905605, 0.878218, 0.849485, 0.819597, 0.788744, 0.757120, 0.724915, 0.692317, 0.659509, 0.626667, 0.593959, 0.561546, 0.529575, 0.498187, 0.467507, 0.437650, 0.408719, 0.380805, 0.353986, 0.328328, 0.303887, 0.280708, 0.258824, 0.238261, 0.219035, 0.201155, 0.184624, 0.169438, 0.155591, 0.143072, 0.131867, 0.121961, 0.113338, 0.105981, 0.099877, 0.095011, 0.091372, 0.088951, 0.087742
0.089860, 0.091098, 0.093577, 0.097304, 0.102287, 0.108539, 0.116072, 0.124903, 0.135049, 0.146524, 0.159345, 0.173526, 0.189078, 0.206008, 0.224319, 0.244008, 0.265067, 0.287479, 0.311218, 0.336248, 0.362525, 0.389991, 0.418578, 0.448207, 0.478784, 0.510203, 0.542349, 0.575090, 0.608285, 0.641782, 0.675416, 0.709015, 0.742399, 0.775381, 0.807768, 0.839365, 0.869974, 0.899400, 0.927448, 0.953928, 0.978658, 1.001464, 1.022184, 1.040665, 1.056773, 1.070387, 1.081406, 1.089744, 1.095338, 1.098146, 1.098146, 1.095338, 1.089744, 1.081406, 1.070388, 1.056774, 1.040666, 1.022185, 1.001466, 0.978660, 0.953930, 0.927449, 0.899402, 0.869976, 0.839367, 0.807770, 0.775383, 0.742401, 0.709017, 0.675418, 0.641784, 0.608287, 0.575092, 0.542351, 0.510205, 0.478785, 0.448209, 0.418580, 0.389993, 0.362526, 0.336250, 0.311219, 0.287481, 0.265069, 0.244010, 0.224320, 0.206009, 0.189079, 0.173527, 0.159346, 0.146525, 0.135049, 0.124904, 0.116073, 0.108539, 0.102287, 0.097304, 0.093577, 0.091098, 0.089860
0.091739, 0.093003, 0.095534, 0.099338, 0.104426, 0.110807, 0.118498, 0.127514, 0.137872, 0.149587, 0.162676, 0.177153, 0.193030, 0.210313, 0.229007, 0.249108, 0.270607, 0.293487, 0.317721, 0.343275, 0.370100, 0.398140, 0.427324, 0.457572, 0.488787, 0.520863, 0.553680, 0.587105, 0.620994, 0.655190, 0.689527, 0.723828, 0.757909, 0.791580, 0.824644, 0.856900, 0.888149, 0.918189, 0.946822, 0.973855, 0.999102, 1.022384, 1.043537, 1.062404, 1.078849, 1.092748, 1.103995, 1.112507, 1.118219, 1.121086, 1.121086, 1.118219, 1.112508, 1.103996, 1.092748, 1.078850, 1.062405, 1.043538, 1.022386, 0.999104, 0.973857, 0.946824, 0.918190, 0.888151, 0.856902, 0.824646, 0.791582, 0.757911, 0.723830, 0.689529, 0.655192, 0.620996, 0.587107, 0.553682, 0.520865, 0.488789, 0.457574, 0.427326, 0.398141, 0.370102, 0.343276, 0.317723, 0.293488, 0.270608, 0.249109, 0.229008, 0.210314, 0.193031, 0.177154, 0.162677, 0.149588, 0.137872, 0.127515, 0.118499, 0.110808, 0.104426, 0.099339, 0.095534, 0.093003, 0.091739
0.093362, 0.094648, 0.097223, 0.101095, 0.106272, 0.112767, 0.120594, 0.129769, 0.140309, 0.152232, 0.165552, 0.180285, 0.196442, 0.214031, 0.233055, 0.253511, 0.275390, 0.298674, 0.323337, 0.349341, 0.376640, 0.405176, 0.434876, 0.465657, 0.497424, 0.530067, 0.563464, 0.597480, 0.631967, 0.666767, 0.701710, 0.736617, 0.771301, 0.805566, 0.839214, 0.872040, 0.903841, 0.934411, 0.963550, 0.991060, 1.016753, 1.040447, 1.061973, 1.081174, 1.097909, 1.112053, 1.123500, 1.132163, 1.137975, 1.140892, 1.140892, 1.137975, 1.132163, 1.123501, 1.112054, 1.097910, 1.081175, 1.061974, 1.040449, 1.016755, 0.991062, 0.963552, 0.934413, 0.903843, 0.872042, 0.839216, 0.805569, 0.771303, 0.736620, 0.701712, 0.666769, 0.631969, 0.597482, 0.563466, 0.530069, 0.497426, 0.465659, 0.434878, 0.405178, 0.376642, 0.349343, 0.323338, 0.298675, 0.275391, 0.253512, 0.233056, 0.214032, 0.196443, 0.180286, 0.165553, 0.152232, 0.140310, 0.129769, 0.120594, 0.112767, 0.106272, 0.101095, 0.097224, 0.094648, 0.093362
0.094712, 0.096017, 0.098630, 0.102557, 0.107809, 0.114398, 0.122338, 0.131646, 0.142339, 0.154434, 0.167947, 0.182892, 0.199283, 0.217126, 0.236425, 0.257176, 0.279372, 0.302992, 0.328011, 0.354392, 0.382086, 0.411033, 0.441162, 0.472389, 0.504615, 0.537729, 0.571609, 0.606116, 0.641102, 0.676405, 0.711853, 0.747265, 0.782449, 0.817210, 0.851344, 0.884644, 0.916905, 0.947917, 0.977477, 1.005384, 1.031447, 1.055484, 1.077321, 1.096801, 1.113777, 1.128126, 1.139739, 1.148526, 1.154422, 1.157382, 1.157382, 1.154423, 1.148526, 1.139740, 1.128127, 1.113778, 1.096802, 1.077322, 1.055486, 1.031449, 1.005385, 0.977478, 0.947919, 0.916907, 0.884646, 0.851346, 0.817212, 0.782452, 0.747267, 0.711855, 0.676407, 0.641104, 0.606118, 0.571611, 0.537731, 0.504617, 0.472391, 0.441164, 0.411035, 0.382087, 0.354394, 0.328013, 0.302994, 0.279373, 0.257178, 0.236426, 0.217127, 0.199284, 0.182893, 0.167947, 0.154434, 0.142339, 0.131647, 0.122338, 0.114398, 0.107810, 0.102558, 0.098630, 0.096017, 0.094712
0.095779, 0.097098, 0.099740, 0.103712, 0.109023, 0.115685, 0.123715, 0.133128, 0.143941, 0.156172, 0.169837, 0.184951, 0.201526, 0.219569, 0.239085, 0.260070, 0.282515, 0.306401, 0.331702, 0.358379, 0.386384, 0.415657, 0.446125, 0.477703, 0.510291, 0.543777, 0.578038, 0.612933, 0.648313, 0.684013, 0.719860, 0.755670, 0.791250, 0.826402, 0.860919, 0.894594, 0.927217, 0.958578, 0.988470, 1.016691, 1.043050, 1.067356, 1.089439, 1.109138, 1.126305, 1.140815, 1.152558, 1.161446, 1.167408, 1.170402, 1.170402, 1.167408, 1.161446, 1.152559, 1.140816, 1.126306, 1.109139, 1.089440, 1.067357, 1.043051, 1.016693, 0.988472, 0.958580, 0.927219, 0.894596, 0.860921, 0.826404, 0.791252, 0.755672, 0.719862, 0.684015, 0.648315, 0.612936, 0.578040, 0.543779, 0.510293, 0.477705, 0.446127, 0.415659, 0.386386, 0.358381, 0.331703, 0.306403, 0.282516, 0.260071, 0.239086, 0.219570, 0.201527, 0.184952, 0.169838, 0.156173, 0.143942, 0.133128, 0.123716, 0.115686, 0.109023, 0.103712, 0.099740, 0.097098, 0.095779
0.096550, 0.097880, 0.100543, 0.104547, 0.109901, 0.116618, 0.124712, 0.134200, 0.145101, 0.157430, 0.171205, 0.186440, 0.203149, 0.221338, 0.241010, 0.262164, 0.284789, 0.308868, 0.334372, 0.361264, 0.389495, 0.419003, 0.449717, 0.481548, 0.514398, 0.548155, 0.582691, 0.617867, 0.653531, 0.689519, 0.725654, 0.761752, 0.797619, 0.833053, 0.867848, 0.901794, 0.934680, 0.966293, 0.996426, 1.024878, 1.051446, 1.075950, 1.098213, 1.118070, 1.135374, 1.150002, 1.161838, 1.170798, 1.176809, 1.179828, 1.179828, 1.176809, 1.170798, 1.161839, 1.150003, 1.135375, 1.118071, 1.098214, 1.075951, 1.051448, 1.024880, 0.996428, 0.966296, 0.934682, 0.901796, 0.867850, 0.833055, 0.797621, 0.761754, 0.725657, 0.689521, 0.653534, 0.617869, 0.582693, 0.548157, 0.514400, 0.481550, 0.449719, 0.419005, 0.389497, 0.361266, 0.334374, 0.308870, 0.284791, 0.262166, 0.241012, 0.221339, 0.203150, 0.186441, 0.171206, 0.157431, 0.145101, 0.134201, 0.124712, 0.116618, 0.109901, 0.104547, 0.100543, 0.097880, 0.096550
0.097019, 0.098356, 0.101032, 0.105055, 0.110435, 0.117185, 0.125318, 0.134853, 0.145806, 0.158196, 0.172037, 0.187347, 0.204136, 0.222413, 0.242182, 0.263438, 0.286173, 0.310369, 0.335997, 0.363019, 0.391387, 0.421040, 0.451902, 0.483888, 0.516898, 0.550818, 0.585522, 0.620870, 0.656707, 0.692870, 0.729180, 0.765454, 0.801494, 0.837100, 0.872065, 0.906175, 0.939221, 0.970989, 1.001269, 1.029861, 1.056562, 1.081185, 1.103554, 1.123506, 1.140896, 1.155593, 1.167487, 1.176490, 1.182530, 1.185560, 1.185560, 1.182530, 1.176490, 1.167488, 1.155594, 1.140897, 1.123507, 1.103555, 1.081186, 1.056563, 1.029863, 1.001271, 0.970991, 0.939223, 0.906177, 0.872067, 0.837102, 0.801497, 0.765456, 0.729183, 0.692872, 0.656710, 0.620872, 0.585524, 0.550820, 0.516900, 0.483890, 0.451904, 0.421041, 0.391389, 0.363021, 0.335999, 0.310370, 0.286175, 0.263440, 0.242183, 0.222415, 0.204137, 0.187348, 0.172038, 0.158196, 0.145807, 0.134854, 0.125319, 0.117185, 0.110436, 0.105056, 0.101032, 0.098356, 0.097019
0.097182, 0.098521, 0.101202, 0.105232, 0.110621, 0.117382, 0.125529, 0.135080, 0.146051, 0.158461, 0.172326, 0.187661, 0.204479, 0.222786, 0.242588, 0.263880, 0.286653, 0.310889, 0.336560, 0.363628, 0.392043, 0.421745, 0.452659, 0.484699, 0.517765, 0.551742, 0.586505, 0.621912, 0.657809, 0.694031, 0.730403, 0.766739, 0.802839, 0.838505, 0.873527, 0.907694, 0.940794, 0.972615, 1.002948, 1.031585, 1.058329, 1.082992, 1.105399, 1.125385, 1.142803, 1.157525, 1.169439, 1.178455, 1.184505, 1.187541, 1.187541, 1.184505, 1.178456, 1.169439, 1.157526, 1.142804, 1.125386, 1.105400, 1.082994, 1.058331, 1.031587, 1.002950, 0.972617, 0.940796, 0.907697, 0.873529, 0.838507, 0.802842, 0.766741, 0.730406, 0.694034, 0.657812, 0.621914, 0.586507, 0.551744, 0.517767, 0.484701, 0.452661, 0.421747, 0.392045, 0.363629, 0.336561, 0.310890, 0.286654, 0.263881, 0.242589, 0.222787, 0.204480, 0.187662, 0.172327, 0.158462, 0.146052, 0.135080, 0.125530, 0.117382, 0.110621, 0.105232, 0.101202, 0.098521, 0.097182
0.097037, 0.098374, 0.101051, 0.105075, 0.110455, 0.117206, 0.125341, 0.134878, 0.145833, 0.158224, 0.172068, 0.187380, 0.204172, 0.222452, 0.242224, 0.263484, 0.286223, 0.310422, 0.336055, 0.363082, 0.391455, 0.421113, 0.451981, 0.483973, 0.516989, 0.550916, 0.585628, 0.620982, 0.656825, 0.692992, 0.729308, 0.765586, 0.801632, 0.837243, 0.872212, 0.906328, 0.939379, 0.971152, 1.001438, 1.030031, 1.056734, 1.081360, 1.103732, 1.123688, 1.141080, 1.155780, 1.167675, 1.176678, 1.182718, 1.185750, 1.185750, 1.182718, 1.176678, 1.167676, 1.155780, 1.141081, 1.123689, 1.103734, 1.081362, 1.056736, 1.030032, 1.001440, 0.971154, 0.939381, 0.906330, 0.872214, 0.837246, 0.801634, 0.765589, 0.729310, 0.692994, 0.656827, 0.620984, 0.585630, 0.550918, 0.516991, 0.483975, 0.451983, 0.421115, 0.391457, 0.363084, 0.336057, 0.310424, 0.286224, 0.263485, 0.242225, 0.222453, 0.204173, 0.187381, 0.172069, 0.158225, 0.145833, 0.134878, 0.125342, 0.117207, 0.110456, 0.105075, 0.101051, 0.098374, 0.097037
0.096584, 0.097915, 0.100579, 0.104585, 0.109940, 0.116659, 0.124757, 0.134248, 0.145152, 0.157486, 0.171265, 0.186506, 0.203219, 0.221414, 0.241093, 0.262253, 0.284887, 0.308973, 0.334486, 0.361388, 0.389629, 0.419148, 0.449872, 0.481716, 0.514578, 0.548347, 0.582895, 0.618082, 0.653756, 0.689754, 0.725900, 0.762008, 0.797885, 0.833329, 0.868134, 0.902090, 0.934986, 0.966610, 0.996753, 1.025213, 1.051791, 1.076301, 1.098568, 1.118431, 1.135741, 1.150372, 1.162211, 1.171171, 1.177183, 1.180201, 1.180201, 1.177184, 1.171172, 1.162212, 1.150373, 1.135742, 1.118432, 1.098570, 1.076302, 1.051793, 1.025215, 0.996755, 0.966612, 0.934988, 0.902092, 0.868136, 0.833331, 0.797887, 0.762010, 0.725902, 0.689756, 0.653758, 0.618084, 0.582897, 0.548349, 0.514580, 0.481718, 0.449874, 0.419150, 0.389630, 0.361389, 0.334488, 0.308975, 0.284888, 0.262255, 0.241094, 0.221415, 0.203220, 0.186506, 0.171266, 0.157486, 0.145153, 0.134249, 0.124757, 0.116660, 0.109941, 0.104585, 0.100580, 0.097915, 0.096584
0.095829, 0.097149, 0.099792, 0.103766, 0.109080, 0.115747, 0.123780, 0.133198, 0.144016, 0.156253, 0.169924, 0.185045, 0.201628, 0.219680, 0.239205, 0.260201, 0.282656, 0.306555, 0.331869, 0.358559, 0.386580, 0.415868, 0.446351, 0.477945, 0.510550, 0.544054, 0.578330, 0.613241, 0.648635, 0.684350, 0.720212, 0.756036, 0.791631, 0.826797, 0.861329, 0.895019, 0.927656, 0.959032, 0.988938, 1.017175, 1.043544, 1.067862, 1.089954, 1.109660, 1.126835, 1.141351, 1.153098, 1.161987, 1.167952, 1.170946, 1.170946, 1.167952, 1.161988, 1.153098, 1.141351, 1.126836, 1.109661, 1.089955, 1.067864, 1.043546, 1.017176, 0.988940, 0.959034, 0.927658, 0.895021, 0.861331, 0.826800, 0.791634, 0.756039, 0.720214, 0.684353, 0.648637, 0.613243, 0.578332, 0.544056, 0.510552, 0.477947, 0.446353, 0.415870, 0.386581, 0.358561, 0.331870, 0.306556, 0.282658, 0.260202, 0.239206, 0.219681, 0.201629, 0.185046, 0.169925, 0.156254, 0.144017, 0.133198, 0.123781, 0.115747, 0.109081, 0.103767, 0.099793, 0.097149, 0.095829
0.094777, 0.096082, 0.098697, 0.102627, 0.107883, 0.114476, 0.122421, 0.131735, 0.142435, 0.154537, 0.168058, 0.183013, 0.199414, 0.217268, 0.236578, 0.257343, 0.279553, 0.303189, 0.328225, 0.354624, 0.382335, 0.411301, 0.441449, 0.472695, 0.504941, 0.538076, 0.571975, 0.606502, 0.641507, 0.676829, 0.712296, 0.747726, 0.782930, 0.817708, 0.851860, 0.885179, 0.917457, 0.948487, 0.978065, 1.005990, 1.032070, 1.056120, 1.077969, 1.097459, 1.114444, 1.128800, 1.140418, 1.149210, 1.155109, 1.158070, 1.158070, 1.155109, 1.149210, 1.140418, 1.128801, 1.114445, 1.097460, 1.077971, 1.056122, 1.032071, 1.005992, 0.978067, 0.948489, 0.917459, 0.885181, 0.851862, 0.817711, 0.782932, 0.747729, 0.712298, 0.676831, 0.641509, 0.606504, 0.571978, 0.538078, 0.504943, 0.472697, 0.441451, 0.411302, 0.382337, 0.354625, 0.328226, 0.303190, 0.279554, 0.257345, 0.236580, 0.217269, 0.199415, 0.183014, 0.168059, 0.154538, 0.142435, 0.131736, 0.122422, 0.114476, 0.107883, 0.102627, 0.098697, 0.096083, 0.094777
0.093439, 0.094726, 0.097303, 0.101178, 0.106359, 0.112859, 0.120692, 0.129875, 0.140423, 0.152354, 0.165684, 0.180428, 0.196596, 0.214198, 0.233236, 0.253708, 0.275604, 0.298907, 0.323589, 0.349614, 0.376933, 0.405489, 0.435210, 0.466014, 0.497804, 0.530471, 0.563890, 0.597929, 0.632438, 0.667260, 0.702226, 0.737155, 0.771860, 0.806147, 0.839815, 0.872663, 0.904484, 0.935075, 0.964234, 0.991763, 1.017474, 1.041184, 1.062724, 1.081937, 1.098683, 1.112835, 1.124289, 1.132957, 1.138772, 1.141691, 1.141691, 1.138772, 1.132957, 1.124290, 1.112836, 1.098684, 1.081938, 1.062725, 1.041186, 1.017475, 0.991765, 0.964235, 0.935076, 0.904486, 0.872665, 0.839818, 0.806149, 0.771862, 0.737157, 0.702228, 0.667263, 0.632441, 0.597931, 0.563892, 0.530473, 0.497806, 0.466016, 0.435212, 0.405491, 0.376935, 0.349615, 0.323591, 0.298909, 0.275606, 0.253709, 0.233238, 0.214199, 0.196598, 0.180429, 0.165685, 0.152355, 0.140424, 0.129875, 0.120693, 0.112860, 0.106359, 0.101178, 0.097303, 0.094726, 0.093439
0.091826, 0.093091, 0.095624, 0.099431, 0.104523, 0.110911, 0.118609, 0.127633, 0.137999, 0.149724, 0.162823, 0.177313, 0.193202, 0.210500, 0.229210, 0.249329, 0.270846, 0.293747, 0.318002, 0.343577, 0.370424, 0.398486, 0.427694, 0.457965, 0.489206, 0.521307, 0.554149, 0.587599, 0.621512, 0.655733, 0.690093, 0.724419, 0.758524, 0.792218, 0.825305, 0.857584, 0.888855, 0.918917, 0.947571, 0.974625, 0.999891, 1.023191, 1.044358, 1.063240, 1.079696, 1.093604, 1.104860, 1.113377, 1.119092, 1.121961, 1.121961, 1.119092, 1.113378, 1.104860, 1.093605, 1.079697, 1.063241, 1.044360, 1.023192, 0.999892, 0.974626, 0.947573, 0.918919, 0.888857, 0.857586, 0.825307, 0.792220, 0.758526, 0.724421, 0.690096, 0.655735, 0.621514, 0.587601, 0.554151, 0.521309, 0.489207, 0.457967, 0.427696, 0.398488, 0.370426, 0.343578, 0.318004, 0.293749, 0.270848, 0.249330, 0.229211, 0.210501, 0.193203, 0.177313, 0.162824, 0.149724, 0.137999, 0.127633, 0.118609, 0.110911, 0.104523, 0.099432, 0.095624, 0.093091, 0.091826
0.089953, 0.091192, 0.093674, 0.097404, 0.102392, 0.108649, 0.116190, 0.125030, 0.135184, 0.146670, 0.159503, 0.173696, 0.189262, 0.206207, 0.224535, 0.244244, 0.265324, 0.287756, 0.311516, 0.336568, 0.362867, 0.390357, 0.418968, 0.448621, 0.479223, 0.510670, 0.542841, 0.575608, 0.608829, 0.642351, 0.676010, 0.709635, 0.743043, 0.776049, 0.808460, 0.840081, 0.870713, 0.900161, 0.928230, 0.954731, 0.979481, 1.002306, 1.023041, 1.041537, 1.057657, 1.071281, 1.082307, 1.090651, 1.096249, 1.099059, 1.099059, 1.096249, 1.090651, 1.082308, 1.071282, 1.057658, 1.041539, 1.023042, 1.002307, 0.979482, 0.954733, 0.928232, 0.900163, 0.870715, 0.840083, 0.808462, 0.776052, 0.743045, 0.709637, 0.676012, 0.642353, 0.608831, 0.575610, 0.542843, 0.510672, 0.479225, 0.448623, 0.418970, 0.390358, 0.362869, 0.336570, 0.311517, 0.287758, 0.265325, 0.244245, 0.224536, 0.206208, 0.189263, 0.173697, 0.159504, 0.146671, 0.135185, 0.125030, 0.116191, 0.108650, 0.102392, 0.097404, 0.093674, 0.091193, 0.089953
0.087838, 0.089048, 0.091471, 0.095114, 0.099984, 0.106094, 0.113458, 0.122090, 0.132005, 0.143221, 0.155751, 0.169611, 0.184810, 0.201357, 0.219255, 0.238500, 0.259083, 0.280988, 0.304189, 0.328651, 0.354331, 0.381173, 0.409111, 0.438066, 0.467948, 0.498654, 0.530068, 0.562064, 0.594503, 0.627236, 0.660103, 0.692936, 0.725558, 0.757787, 0.789435, 0.820311, 0.850222, 0.878977, 0.906385, 0.932262, 0.956429, 0.978716, 0.998964, 1.017025, 1.032765, 1.046069, 1.056835, 1.064982, 1.070449, 1.073193, 1.073193, 1.070449, 1.064983, 1.056835, 1.046069, 1.032766, 1.017025, 0.998965, 0.978718, 0.956431, 0.932264, 0.906387, 0.878979, 0.850224, 0.820313, 0.789437, 0.757789, 0.725560, 0.692938, 0.660105, 0.627238, 0.594505, 0.562066, 0.530070, 0.498656, 0.467950, 0.438068, 0.409113, 0.381175, 0.354333, 0.328653, 0.304190, 0.280989, 0.259084, 0.238501, 0.219256, 0.201359, 0.184811, 0.169612, 0.155752, 0.143221, 0.132006, 0.122090, 0.113458, 0.106095, 0.099984, 0.095114, 0.091471, 0.089048, 0.087838
0.085499, 0.086677, 0.089035, 0.092581, 0.097322, 0.103269, 0.110436, 0.118838, 0.128490, 0.139406, 0.151603, 0.165094, 0.179888, 0.195994, 0.213415, 0.232147, 0.252182, 0.273503, 0.296086, 0.319896, 0.344892, 0.371018, 0.398212, 0.426395, 0.455480, 0.485368, 0.515945, 0.547088, 0.578662, 0.610523, 0.642514, 0.674471, 0.706224, 0.737594, 0.768399, 0.798452, 0.827565, 0.855553, 0.882231, 0.907418, 0.930941, 0.952634, 0.972341, 0.989920, 1.005241, 1.018190, 1.028670, 1.036600, 1.041921, 1.044591, 1.044591, 1.041921, 1.036600, 1.028670, 1.018191, 1.005242, 0.989921, 0.972342, 0.952635, 0.930942, 0.907420, 0.882233, 0.855555, 0.827567, 0.798453, 0.768401, 0.737596, 0.706226, 0.674473, 0.642516, 0.610525, 0.578664, 0.547090, 0.515947, 0.485370, 0.455482, 0.426397, 0.398214, 0.371020, 0.344893, 0.319898, 0.296087, 0.273505, 0.252184, 0.232148, 0.213416, 0.195995, 0.179889, 0.165095, 0.151604, 0.139407, 0.128490, 0.118839, 0.110437, 0.103270, 0.097322, 0.092581, 0.089036, 0.086677, 0.085499
0.082957, 0.084100, 0.086388, 0.089828, 0.094428, 0.100198, 0.107152, 0.115304, 0.124669, 0.135261, 0.147095, 0.160184, 0.174538, 0.190165, 0.207067, 0.225242, 0.244681, 0.265368, 0.287278, 0.310380, 0.334632, 0.359981, 0.386365, 0.413710, 0.441930, 0.470927, 0.500594, 0.530811, 0.561446, 0.592358, 0.623397, 0.654403, 0.685211, 0.715647, 0.745535, 0.774693, 0.802941, 0.830096, 0.855979, 0.880416, 0.903239, 0.924286, 0.943407, 0.960463, 0.975328, 0.987891, 0.998059, 1.005753, 1.010916, 1.013507, 1.013507, 1.010916, 1.005754, 0.998059, 0.987892, 0.975328, 0.960463, 0.943408, 0.924287, 0.903240, 0.880418, 0.855980, 0.830097, 0.802942, 0.774695, 0.745537, 0.715649, 0.685213, 0.654405, 0.623398, 0.592360, 0.561448, 0.530813, 0.500596, 0.470929, 0.441931, 0.413712, 0.386367, 0.359983, 0.334633, 0.310382, 0.287280, 0.265369, 0.244682, 0.225244, 0.207068, 0.190166, 0.174539, 0.160185, 0.147096, 0.135261, 0.124669, 0.115305, 0.107153, 0.100199, 0.094428, 0.089828, 0.086388, 0.084100, 0.082957
0.080233, 0.081338, 0.083551, 0.086878, 0.091327, 0.096908, 0.103634, 0.111518, 0.120575, 0.130819, 0.142264, 0.154923, 0.168806, 0.183919, 0.200267, 0.217845, 0.236644, 0.256651, 0.277842, 0.300185, 0.323640, 0.348156, 0.373673, 0.400119, 0.427412, 0.455457, 0.484149, 0.513372, 0.543001, 0.572897, 0.602916, 0.632904, 0.662699, 0.692136, 0.721041, 0.749241, 0.776560, 0.802823, 0.827855, 0.851490, 0.873562, 0.893917, 0.912410, 0.928905, 0.943281, 0.955432, 0.965265, 0.972707, 0.977699, 0.980206, 0.980206, 0.977700, 0.972707, 0.965266, 0.955432, 0.943282, 0.928906, 0.912411, 0.893918, 0.873563, 0.851491, 0.827857, 0.802824, 0.776562, 0.749243, 0.721043, 0.692137, 0.662701, 0.632906, 0.602918, 0.572899, 0.543003, 0.513374, 0.484151, 0.455458, 0.427414, 0.400121, 0.373675, 0.348158, 0.323642, 0.300187, 0.277843, 0.256652, 0.236646, 0.217846, 0.200268, 0.183920, 0.168807, 0.154924, 0.142265, 0.130819, 0.120575, 0.111518, 0.103634, 0.096908, 0.091327, 0.086879, 0.083552, 0.081338, 0.080233
0.077351, 0.078416, 0.080550, 0.083757, 0.088046, 0.093426, 0.099910, 0.107511, 0.116242, 0.126118, 0.137152, 0.149356, 0.162740, 0.177310, 0.193070, 0.210016, 0.228140, 0.247428, 0.267857, 0.289397, 0.312008, 0.335644, 0.360243, 0.385739, 0.412050, 0.439086, 0.466747, 0.494920, 0.523483, 0.552305, 0.581244, 0.610154, 0.638879, 0.667256, 0.695123, 0.722309, 0.748645, 0.773964, 0.798096, 0.820881, 0.842159, 0.861783, 0.879610, 0.895512, 0.909372, 0.921086, 0.930565, 0.937739, 0.942553, 0.944969, 0.944969, 0.942553, 0.937740, 0.930566, 0.921086, 0.909373, 0.895513, 0.879611, 0.861784, 0.842161, 0.820882, 0.798098, 0.773965, 0.748647, 0.722310, 0.695124, 0.667258, 0.638880, 0.610156, 0.581246, 0.552306, 0.523485, 0.494922, 0.466749, 0.439088, 0.412051, 0.385740, 0.360245, 0.335645, 0.312010, 0.289398, 0.267858, 0.247429, 0.228141, 0.210017, 0.193071, 0.177311, 0.162741, 0.149357, 0.137153, 0.126119, 0.116243, 0.107512, 0.099911, 0.093427, 0.088046, 0.083757, 0.080550, 0.078416, 0.077351
0.074333, 0.075357, 0.077407, 0.080490, 0.084611, 0.089782, 0.096013, 0.103317, 0.111707, 0.121198, 0.131801, 0.143529, 0.156390, 0.170392, 0.185536, 0.201821, 0.219237, 0.237772, 0.257404, 0.278103, 0.299833, 0.322545, 0.346185, 0.370685, 0.395969, 0.421950, 0.448531, 0.475604, 0.503052, 0.530749, 0.558559, 0.586341, 0.613944, 0.641214, 0.667992, 0.694117, 0.719426, 0.743756, 0.766946, 0.788841, 0.809289, 0.828146, 0.845278, 0.860559, 0.873878, 0.885134, 0.894244, 0.901137, 0.905763, 0.908084, 0.908084, 0.905763, 0.901138, 0.894244, 0.885135, 0.873878, 0.860560, 0.845279, 0.828148, 0.809290, 0.788843, 0.766948, 0.743757, 0.719427, 0.694119, 0.667994, 0.641216, 0.613945, 0.586342, 0.558561, 0.530751, 0.503054, 0.475606, 0.448533, 0.421952, 0.395971, 0.370687, 0.346186, 0.322547, 0.299834, 0.278105, 0.257405, 0.237774, 0.219239, 0.201822, 0.185537, 0.170393, 0.156391, 0.143530, 0.131802, 0.121199, 0.111708, 0.103317, 0.096013, 0.089782, 0.084611, 0.080490, 0.077408, 0.075357, 0.074333
0.071205, 0.072186, 0.074150, 0.077102, 0.081050, 0.086003, 0.091972, 0.098968, 0.107006, 0.116097, 0.126254, 0.137487, 0.149807, 0.163219, 0.177725, 0.193325, 0.210008, 0.227762, 0.246567, 0.266395, 0.287210, 0.308966, 0.331610, 0.355079, 0.379298, 0.404185, 0.429647, 0.455580, 0.481872, 0.508403, 0.535042, 0.561653, 0.588094, 0.614216, 0.639866, 0.664891, 0.689134, 0.712439, 0.734653, 0.755626, 0.775213, 0.793276, 0.809686, 0.824324, 0.837081, 0.847863, 0.856589, 0.863193, 0.867623, 0.869847, 0.869847, 0.867624, 0.863193, 0.856590, 0.847864, 0.837082, 0.824324, 0.809687, 0.793277, 0.775214, 0.755627, 0.734654, 0.712441, 0.689135, 0.664893, 0.639868, 0.614218, 0.588096, 0.561655, 0.535044, 0.508404, 0.481874, 0.455581, 0.429648, 0.404187, 0.379300, 0.355080, 0.331612, 0.308967, 0.287211, 0.266397, 0.246569, 0.227764, 0.210009, 0.193326, 0.177726, 0.163220, 0.149808, 0.137488, 0.126254, 0.116097, 0.107006, 0.098969, 0.091972, 0.086003, 0.081050, 0.077102, 0.074150, 0.072186, 0.071205
0.067990, 0.068926, 0.070802, 0.073621, 0.077390, 0.082119, 0.087819, 0.094499, 0.102174, 0.110854, 0.120552, 0.131278, 0.143041, 0.155847, 0.169698, 0.184593, 0.200523, 0.217475, 0.235431, 0.254363, 0.274237, 0.295011, 0.316632, 0.339040, 0.362166, 0.385928, 0.410240, 0.435001, 0.460105, 0.485437, 0.510873, 0.536282, 0.561529, 0.586470, 0.610962, 0.634856, 0.658004, 0.680256, 0.701466, 0.721492, 0.740193, 0.757440, 0.773109, 0.787085, 0.799267, 0.809562, 0.817893, 0.824198, 0.828429, 0.830552, 0.830552, 0.828429, 0.824199, 0.817894, 0.809562, 0.799267, 0.787086, 0.773110, 0.757441, 0.740194, 0.721493, 0.701468, 0.680257, 0.658005, 0.634858, 0.610963, 0.586472, 0.561530, 0.536284, 0.510875, 0.485439, 0.460107, 0.435003, 0.410241, 0.385930, 0.362167, 0.339042, 0.316633, 0.295012, 0.274238, 0.254364, 0.235432, 0.217476, 0.200524, 0.184594, 0.169699, 0.155848, 0.143042, 0.131279, 0.120553, 0.110855, 0.102174, 0.094500, 0.087819, 0.082120, 0.077390, 0.073621, 0.070802, 0.068926, 0.067990
0.064712, 0.065603, 0.067388, 0.070071, 0.073659, 0.078160, 0.083584, 0.089943, 0.097247, 0.105509, 0.114739, 0.124948, 0.136144, 0.148332, 0.161515, 0.175690, 0.190852, 0.206987, 0.224076, 0.242096, 0.261011, 0.280783, 0.301361, 0.322689, 0.344699, 0.367315, 0.390454, 0.414021, 0.437914, 0.462024, 0.486233, 0.510417, 0.534445, 0.558184, 0.581494, 0.604236, 0.626266, 0.647445, 0.667633, 0.686692, 0.704492, 0.720907, 0.735819, 0.749121, 0.760715, 0.770513, 0.778443, 0.784444, 0.788470, 0.790491, 0.790491, 0.788471, 0.784444, 0.778444, 0.770514, 0.760716, 0.749122, 0.735820, 0.720908, 0.704493, 0.686693, 0.667634, 0.647447, 0.626268, 0.604237, 0.581496, 0.558185, 0.534447, 0.510418, 0.486235, 0.462026, 0.437916, 0.414022, 0.390455, 0.367317, 0.344700, 0.322690, 0.301363, 0.280784, 0.261013, 0.242097, 0.224078, 0.206988, 0.190853, 0.175691, 0.161516, 0.148333, 0.136145, 0.124949, 0.114740, 0.105509, 0.097248, 0.089943, 0.083585, 0.078160, 0.073659, 0.070071, 0.067388, 0.065603, 0.064712
0.061395, 0.062240, 0.063933, 0.066479, 0.069883, 0.074153, 0.079299, 0.085332, 0.092261, 0.100099, 0.108857, 0.118542, 0.129163, 0.140726, 0.153233, 0.166682, 0.181066, 0.196373, 0.212586, 0.229681, 0.247627, 0.266385, 0.285908, 0.306142, 0.327023, 0.348480, 0.370431, 0.392790, 0.415458, 0.438331, 0.461298, 0.484241, 0.507037, 0.529558, 0.551673, 0.573249, 0.594149, 0.614242, 0.633394, 0.651476, 0.668363, 0.683935, 0.698083, 0.710703, 0.721702, 0.730998, 0.738521, 0.744214, 0.748033, 0.749951, 0.749951, 0.748034, 0.744214, 0.738521, 0.730998, 0.721703, 0.710704, 0.698084, 0.683936, 0.668364, 0.651477, 0.633395, 0.614243, 0.594150, 0.573250, 0.551674, 0.529559, 0.507039, 0.484243, 0.461299, 0.438332, 0.415459, 0.392791, 0.370433, 0.348481, 0.327024, 0.306143, 0.285909, 0.266386, 0.247628, 0.229682, 0.212587, 0.196374, 0.181067, 0.166682, 0.153234, 0.140727, 0.129164, 0.118543, 0.108857, 0.100100, 0.092262, 0.085332, 0.079300, 0.074153, 0.069883, 0.066479, 0.063934, 0.062240, 0.061395
0.058060, 0.058860, 0.060461, 0.062869, 0.066088, 0.070126, 0.074993, 0.080697, 0.087251, 0.094663, 0.102944, 0.112104, 0.122148, 0.133083, 0.144910, 0.157627, 0.171230, 0.185706, 0.201038, 0.217204, 0.234176, 0.251914, 0.270377, 0.289511, 0.309258, 0.329549, 0.350308, 0.371452, 0.392888, 0.414519, 0.436238, 0.457935, 0.479493, 0.500790, 0.521703, 0.542107, 0.561872, 0.580873, 0.598984, 0.616084, 0.632053, 0.646780, 0.660159, 0.672093, 0.682494, 0.691285, 0.698399, 0.703783, 0.707395, 0.709208, 0.709208, 0.707395, 0.703783, 0.698400, 0.691286, 0.682495, 0.672094, 0.660160, 0.646780, 0.632054, 0.616085, 0.598985, 0.580874, 0.561873, 0.542108, 0.521705, 0.500791, 0.479494, 0.457936, 0.436240, 0.414520, 0.392890, 0.371453, 0.350310, 0.329550, 0.309259, 0.289512, 0.270378, 0.251915, 0.234176, 0.217206, 0.201039, 0.185707, 0.171231, 0.157628, 0.144910, 0.133083, 0.122149, 0.112104, 0.102945, 0.094663, 0.087251, 0.080698, 0.074993, 0.070126, 0.066088, 0.062869, 0.060462, 0.058860, 0.058060
0.054731, 0.055485, 0.056995, 0.059264, 0.062298, 0.066105, 0.070692, 0.076070, 0.082247, 0.089234, 0.097041, 0.105675, 0.115143, 0.125451, 0.136599, 0.148587, 0.161409, 0.175055, 0.189508, 0.204747, 0.220744, 0.237465, 0.254869, 0.272906, 0.291520, 0.310647, 0.330216, 0.350147, 0.370353, 0.390743, 0.411217, 0.431669, 0.451990, 0.472065, 0.491779, 0.511012, 0.529644, 0.547555, 0.564627, 0.580746, 0.595799, 0.609681, 0.622292, 0.633542, 0.643346, 0.651633, 0.658339, 0.663414, 0.666819, 0.668528, 0.668528, 0.666819, 0.663414, 0.658339, 0.651633, 0.643347, 0.633543, 0.622293, 0.609681, 0.595799, 0.580746, 0.564628, 0.547556, 0.529645, 0.511013, 0.491780, 0.472067, 0.451991, 0.431670, 0.411218, 0.390745, 0.370355, 0.350148, 0.330217, 0.310649, 0.291522, 0.272907, 0.254870, 0.237466, 0.220745, 0.204748, 0.189508, 0.175055, 0.161410, 0.148588, 0.136600, 0.125451, 0.115144, 0.105675, 0.097041, 0.089235, 0.082248, 0.076070, 0.070693, 0.066105, 0.062298, 0.059264, 0.056995, 0.055485, 0.054731
0.051427, 0.052136, 0.053554, 0.055686, 0.058537, 0.062114, 0.066425, 0.071478, 0.077282, 0.083847, 0.091182, 0.099295, 0.108192, 0.117877, 0.128352, 0.139616, 0.151663, 0.164485, 0.178065, 0.192384, 0.207415, 0.223127, 0.239480, 0.256428, 0.273918, 0.291890, 0.310277, 0.329005, 0.347991, 0.367150, 0.386387, 0.405604, 0.424697, 0.443561, 0.462084, 0.480155, 0.497662, 0.514491, 0.530533, 0.545678, 0.559822, 0.572866, 0.584716, 0.595286, 0.604498, 0.612285, 0.618586, 0.623354, 0.626554, 0.628159, 0.628159, 0.626554, 0.623354, 0.618586, 0.612285, 0.604499, 0.595287, 0.584717, 0.572867, 0.559823, 0.545679, 0.530534, 0.514492, 0.497663, 0.480157, 0.462085, 0.443562, 0.424699, 0.405605, 0.386388, 0.367151, 0.347992, 0.329006, 0.310278, 0.291892, 0.273919, 0.256429, 0.239481, 0.223128, 0.207417, 0.192385, 0.178066, 0.164485, 0.151664, 0.139616, 0.128352, 0.117877, 0.108192, 0.099295, 0.091183, 0.083848, 0.077282, 0.071478, 0.066425, 0.062114, 0.058538, 0.055686, 0.053554, 0.052136, 0.051427
0.048168, 0.048831, 0.050160, 0.052157, 0.054827, 0.058177, 0.062215, 0.066947, 0.072383, 0.078533, 0.085403, 0.093001, 0.101334, 0.110405, 0.120216, 0.130765, 0.142049, 0.154057, 0.166777, 0.180188, 0.194266, 0.208982, 0.224298, 0.240172, 0.256553, 0.273386, 0.290607, 0.308147, 0.325930, 0.343874, 0.361891, 0.379890, 0.397773, 0.415441, 0.432789, 0.449715, 0.466111, 0.481874, 0.496898, 0.511083, 0.524330, 0.536547, 0.547646, 0.557546, 0.566174, 0.573467, 0.579368, 0.583835, 0.586831, 0.588335, 0.588335, 0.586831, 0.583835, 0.579369, 0.573467, 0.566175, 0.557546, 0.547647, 0.536548, 0.524331, 0.511084, 0.496899, 0.481875, 0.466112, 0.449716, 0.432791, 0.415442, 0.397774, 0.379891, 0.361892, 0.343875, 0.325931, 0.308148, 0.290608, 0.273387, 0.256554, 0.240173, 0.224299, 0.208983, 0.194267, 0.180189, 0.166777, 0.154058, 0.142050, 0.130766, 0.120216, 0.110405, 0.101334, 0.093001, 0.085403, 0.078533, 0.072384, 0.066947, 0.062215, 0.058178, 0.054827, 0.052157, 0.050160, 0.048831, 0.048168
0.044970, 0.045590, 0.046830, 0.048694, 0.051187, 0.054315, 0.058084, 0.062503, 0.067578, 0.073319, 0.079733, 0.086827, 0.094606, 0.103075, 0.112234, 0.122083, 0.132617, 0.143828, 0.155703, 0.168223, 0.181367, 0.195106, 0.209405, 0.224225, 0.239518, 0.255233, 0.271311, 0.287687, 0.304289, 0.321041, 0.337862, 0.354665, 0.371361, 0.387855, 0.404052, 0.419853, 0.435161, 0.449877, 0.463903, 0.477146, 0.489514, 0.500920, 0.511281, 0.520524, 0.528579, 0.535387, 0.540897, 0.545067, 0.547864, 0.549268, 0.549268, 0.547864, 0.545067, 0.540897, 0.535388, 0.528580, 0.520524, 0.511282, 0.500920, 0.489515, 0.477147, 0.463904, 0.449878, 0.435162, 0.419854, 0.404053, 0.387856, 0.371362, 0.354666, 0.337863, 0.321042, 0.304290, 0.287688, 0.271312, 0.255234, 0.239519, 0.224225, 0.209406, 0.195107, 0.181368, 0.168224, 0.155703, 0.143829, 0.132618, 0.122084, 0.112235, 0.103075, 0.094606, 0.086827, 0.079733, 0.073319, 0.067578, 0.062503, 0.058085, 0.054315, 0.051188, 0.048695, 0.046830, 0.045590, 0.044970
0.041851, 0.042427, 0.043581, 0.045316, 0.047636, 0.050547, 0.054055, 0.058166, 0.062890, 0.068232, 0.074201, 0.080802, 0.088042, 0.095923, 0.104447, 0.113613, 0.123416, 0.133848, 0.144898, 0.156550, 0.168781, 0.181567, 0.194874, 0.208665, 0.222898, 0.237522, 0.252485, 0.267724, 0.283174, 0.298763, 0.314417, 0.330055, 0.345592, 0.360941, 0.376014, 0.390719, 0.404964, 0.418659, 0.431712, 0.444036, 0.455545, 0.466159, 0.475802, 0.484403, 0.491899, 0.498235, 0.503362, 0.507242, 0.509846, 0.511152, 0.511152, 0.509846, 0.507243, 0.503362, 0.498235, 0.491900, 0.484403, 0.475802, 0.466160, 0.455546, 0.444036, 0.431712, 0.418659, 0.404965, 0.390720, 0.376015, 0.360942, 0.345593, 0.330056, 0.314418, 0.298764, 0.283175, 0.267725, 0.252486, 0.237523, 0.222899, 0.208666, 0.194875, 0.181568, 0.168782, 0.156550, 0.144899, 0.133849, 0.123416, 0.113613, 0.104447, 0.095923, 0.088042, 0.080803, 0.074201, 0.068232, 0.062890, 0.058167, 0.054055, 0.050547, 0.047636, 0.045316, 0.043581, 0.042427, 0.041851
0.038822, 0.039357, 0.040428, 0.042037, 0.044189, 0.046889, 0.050143, 0.053957, 0.058339, 0.063295, 0.068832, 0.074955, 0.081671, 0.088982, 0.096889, 0.105391, 0.114485, 0.124162, 0.134412, 0.145220, 0.156566, 0.168427, 0.180771, 0.193564, 0.206766, 0.220333, 0.234212, 0.248348, 0.262680, 0.277142, 0.291663, 0.306168, 0.320581, 0.334819, 0.348801, 0.362442, 0.375656, 0.388359, 0.400468, 0.411900, 0.422576, 0.432422, 0.441367, 0.449345, 0.456299, 0.462176, 0.466932, 0.470532, 0.472946, 0.474159, 0.474159, 0.472947, 0.470532, 0.466932, 0.462176, 0.456299, 0.449346, 0.441367, 0.432422, 0.422577, 0.411900, 0.400469, 0.388360, 0.375657, 0.362443, 0.348802, 0.334820, 0.320582, 0.306169, 0.291664, 0.277143, 0.262681, 0.248349, 0.234213, 0.220333, 0.206767, 0.193565, 0.180771, 0.168427, 0.156567, 0.145221, 0.134413, 0.124163, 0.114485, 0.105392, 0.096889, 0.088982, 0.081671, 0.074956, 0.068832, 0.063295, 0.058339, 0.053958, 0.050144, 0.046890, 0.044190, 0.042037, 0.040428, 0.039357, 0.038822
0.035898, 0.036393, 0.037383, 0.038871, 0.040861, 0.043358, 0.046366, 0.049893, 0.053945, 0.058527, 0.063647, 0.069309, 0.075519, 0.082279, 0.089590, 0.097452, 0.105861, 0.114809, 0.124287, 0.134280, 0.144772, 0.155738, 0.167152, 0.178981, 0.191189, 0.203734, 0.216568, 0.229639, 0.242891, 0.256263, 0.269690, 0.283103, 0.296430, 0.309596, 0.322524, 0.335137, 0.347356, 0.359102, 0.370299, 0.380869, 0.390741, 0.399845, 0.408116, 0.415493, 0.421923, 0.427357, 0.431755, 0.435083, 0.437316, 0.438437, 0.438437, 0.437316, 0.435083, 0.431755, 0.427358, 0.421923, 0.415494, 0.408116, 0.399845, 0.390741, 0.380870, 0.370299, 0.359103, 0.347357, 0.335138, 0.322525, 0.309597, 0.296431, 0.283104, 0.269691, 0.256264, 0.242892, 0.229640, 0.216568, 0.203735, 0.191190, 0.178982, 0.167153, 0.155739, 0.144772, 0.134281, 0.124287, 0.114809, 0.105861, 0.097453, 0.089591, 0.082279, 0.075519, 0.069310, 0.063647, 0.058527, 0.053945, 0.049893, 0.046367, 0.043358, 0.040861, 0.038871, 0.037383, 0.036393, 0.035898
