0.038788, 0.039354, 0.040488, 0.042193, 0.044474, 0.047338, 0.050792, 0.054846, 0.059509, 0.064790, 0.070699, 0.077243, 0.084432, 0.092271, 0.100764, 0.109912, 0.119714, 0.130164, 0.141252, 0.152964, 0.165282, 0.178179, 0.191626, 0.205586, 0.220017, 0.234868, 0.250086, 0.265609, 0.281371, 0.297296, 0.313309, 0.329326, 0.345259, 0.361018, 0.376511, 0.391641, 0.406312, 0.420429, 0.433896, 0.446620, 0.458512, 0.469486, 0.479462, 0.488364, 0.496126, 0.502689, 0.508002, 0.512024, 0.514723, 0.516077, 0.516077, 0.514723, 0.512024, 0.508002, 0.502690, 0.496127, 0.488365, 0.479462, 0.469487, 0.458513, 0.446621, 0.433897, 0.420430, 0.406313, 0.391642, 0.376512, 0.361019, 0.345260, 0.329327, 0.313310, 0.297297, 0.281372, 0.265610, 0.250087, 0.234869, 0.220018, 0.205587, 0.191627, 0.178180, 0.165283, 0.152965, 0.141253, 0.130165, 0.119715, 0.109913, 0.100765, 0.092272, 0.084433, 0.077244, 0.070699, 0.064790, 0.059509, 0.054847, 0.050793, 0.047338, 0.044474, 0.042193, 0.040488, 0.039354, 0.038788
0.035926, 0.036450, 0.037500, 0.039079, 0.041191, 0.043844, 0.047044, 0.050799, 0.055117, 0.060008, 0.065480, 0.071542, 0.078200, 0.085461, 0.093327, 0.101800, 0.110878, 0.120556, 0.130826, 0.141673, 0.153081, 0.165026, 0.177481, 0.190410, 0.203775, 0.217531, 0.231625, 0.246003, 0.260601, 0.275351, 0.290182, 0.305016, 0.319773, 0.334369, 0.348718, 0.362731, 0.376319, 0.389393, 0.401866, 0.413651, 0.424665, 0.434829, 0.444068, 0.452313, 0.459503, 0.465581, 0.470502, 0.474226, 0.476726, 0.477981, 0.477981, 0.476726, 0.474227, 0.470502, 0.465581, 0.459503, 0.452314, 0.444069, 0.434830, 0.424666, 0.413652, 0.401867, 0.389394, 0.376320, 0.362731, 0.348718, 0.334370, 0.319774, 0.305017, 0.290183, 0.275352, 0.260601, 0.246004, 0.231626, 0.217532, 0.203776, 0.190411, 0.177481, 0.165027, 0.153082, 0.141674, 0.130826, 0.120557, 0.110878, 0.101800, 0.093327, 0.085461, 0.078201, 0.071543, 0.065481, 0.060008, 0.055117, 0.050799, 0.047044, 0.043844, 0.041192, 0.039079, 0.037500, 0.036450, 0.035926
0.033165, 0.033649, 0.034618, 0.036076, 0.038027, 0.040475, 0.043429, 0.046895, 0.050882, 0.055397, 0.060449, 0.066045, 0.072191, 0.078894, 0.086155, 0.093977, 0.102358, 0.111292, 0.120772, 0.130786, 0.141317, 0.152344, 0.163841, 0.175777, 0.188115, 0.200814, 0.213825, 0.227097, 0.240573, 0.254190, 0.267881, 0.281575, 0.295198, 0.308673, 0.321918, 0.334854, 0.347398, 0.359468, 0.370982, 0.381862, 0.392029, 0.401412, 0.409941, 0.417552, 0.424189, 0.429800, 0.434343, 0.437781, 0.440088, 0.441247, 0.441247, 0.440089, 0.437781, 0.434343, 0.429801, 0.424189, 0.417553, 0.409941, 0.401412, 0.392030, 0.381862, 0.370983, 0.359469, 0.347399, 0.334855, 0.321919, 0.308674, 0.295199, 0.281576, 0.267882, 0.254191, 0.240574, 0.227098, 0.213826, 0.200814, 0.188116, 0.175778, 0.163842, 0.152345, 0.141318, 0.130787, 0.120773, 0.111293, 0.102358, 0.093978, 0.086156, 0.078894, 0.072192, 0.066045, 0.060449, 0.055397, 0.050882, 0.046896, 0.043429, 0.040475, 0.038027, 0.036076, 0.034619, 0.033649, 0.033165
0.030517, 0.030962, 0.031854, 0.033195, 0.034990, 0.037243, 0.039961, 0.043151, 0.046819, 0.050973, 0.055622, 0.060771, 0.066426, 0.072593, 0.079275, 0.086472, 0.094183, 0.102404, 0.111127, 0.120341, 0.130031, 0.140177, 0.150756, 0.161738, 0.173091, 0.184775, 0.196748, 0.208960, 0.221360, 0.233889, 0.246486, 0.259087, 0.271622, 0.284020, 0.296208, 0.308111, 0.319653, 0.330759, 0.341353, 0.351364, 0.360719, 0.369352, 0.377200, 0.384204, 0.390310, 0.395473, 0.399653, 0.402817, 0.404940, 0.406006, 0.406006, 0.404940, 0.402817, 0.399653, 0.395474, 0.390311, 0.384204, 0.377200, 0.369353, 0.360720, 0.351364, 0.341354, 0.330759, 0.319654, 0.308112, 0.296209, 0.284021, 0.271623, 0.259088, 0.246487, 0.233890, 0.221360, 0.208961, 0.196748, 0.184776, 0.173091, 0.161739, 0.150757, 0.140178, 0.130032, 0.120342, 0.111128, 0.102405, 0.094184, 0.086473, 0.079275, 0.072594, 0.066427, 0.060771, 0.055622, 0.050974, 0.046819, 0.043151, 0.039961, 0.037243, 0.034990, 0.033196, 0.031854, 0.030962, 0.030517
0.027989, 0.028397, 0.029215, 0.030445, 0.032091, 0.034158, 0.036650, 0.039576, 0.042940, 0.046750, 0.051014, 0.055736, 0.060923, 0.066579, 0.072707, 0.079308, 0.086380, 0.093919, 0.101920, 0.110370, 0.119257, 0.128562, 0.138264, 0.148336, 0.158748, 0.169464, 0.180444, 0.191645, 0.203017, 0.214508, 0.226062, 0.237619, 0.249115, 0.260486, 0.271664, 0.282580, 0.293166, 0.303352, 0.313068, 0.322249, 0.330829, 0.338747, 0.345944, 0.352368, 0.357968, 0.362703, 0.366537, 0.369438, 0.371386, 0.372363, 0.372363, 0.371386, 0.369438, 0.366537, 0.362704, 0.357969, 0.352368, 0.345945, 0.338748, 0.330830, 0.322250, 0.313069, 0.303352, 0.293167, 0.282581, 0.271665, 0.260487, 0.249116, 0.237619, 0.226063, 0.214509, 0.203018, 0.191646, 0.180445, 0.169464, 0.158749, 0.148337, 0.138265, 0.128563, 0.119258, 0.110371, 0.101920, 0.093920, 0.086380, 0.079308, 0.072707, 0.066579, 0.060923, 0.055736, 0.051014, 0.046751, 0.042940, 0.039576, 0.036651, 0.034158, 0.032091, 0.030445, 0.029215, 0.028397, 0.027989
0.025587, 0.025960, 0.026708, 0.027833, 0.029337, 0.031226, 0.033505, 0.036179, 0.039255, 0.042738, 0.046635, 0.050952, 0.055694, 0.060865, 0.066467, 0.072501, 0.078966, 0.085859, 0.093172, 0.100897, 0.109021, 0.117528, 0.126397, 0.135604, 0.145122, 0.154918, 0.164956, 0.175195, 0.185591, 0.196096, 0.206658, 0.217223, 0.227732, 0.238127, 0.248346, 0.258326, 0.268003, 0.277314, 0.286197, 0.294590, 0.302433, 0.309671, 0.316251, 0.322123, 0.327243, 0.331572, 0.335076, 0.337728, 0.339508, 0.340402, 0.340402, 0.339508, 0.337728, 0.335076, 0.331572, 0.327243, 0.322123, 0.316251, 0.309672, 0.302434, 0.294590, 0.286197, 0.277315, 0.268003, 0.258326, 0.248347, 0.238128, 0.227733, 0.217224, 0.206659, 0.196097, 0.185592, 0.175196, 0.164957, 0.154919, 0.145123, 0.135605, 0.126398, 0.117529, 0.109022, 0.100898, 0.093173, 0.085859, 0.078967, 0.072501, 0.066467, 0.060865, 0.055695, 0.050953, 0.046636, 0.042738, 0.039255, 0.036179, 0.033505, 0.031226, 0.029337, 0.027833, 0.026708, 0.025960, 0.025587
0.023316, 0.023656, 0.024338, 0.025362, 0.026733, 0.028455, 0.030531, 0.032968, 0.035770, 0.038945, 0.042496, 0.046430, 0.050751, 0.055462, 0.060567, 0.066065, 0.071957, 0.078237, 0.084902, 0.091941, 0.099344, 0.107095, 0.115177, 0.123567, 0.132240, 0.141166, 0.150312, 0.159642, 0.169115, 0.178687, 0.188312, 0.197939, 0.207516, 0.216988, 0.226299, 0.235393, 0.244211, 0.252696, 0.260790, 0.268438, 0.275585, 0.282181, 0.288176, 0.293527, 0.298192, 0.302137, 0.305330, 0.307747, 0.309369, 0.310183, 0.310183, 0.309369, 0.307747, 0.305330, 0.302137, 0.298193, 0.293527, 0.288177, 0.282181, 0.275586, 0.268438, 0.260790, 0.252696, 0.244212, 0.235394, 0.226300, 0.216988, 0.207516, 0.197940, 0.188313, 0.178688, 0.169116, 0.159643, 0.150313, 0.141166, 0.132240, 0.123567, 0.115177, 0.107096, 0.099344, 0.091941, 0.084902, 0.078238, 0.071957, 0.066066, 0.060567, 0.055463, 0.050751, 0.046430, 0.042496, 0.038945, 0.035771, 0.032968, 0.030531, 0.028455, 0.026733, 0.025362, 0.024338, 0.023656, 0.023316
0.021179, 0.021488, 0.022107, 0.023038, 0.024283, 0.025847, 0.027733, 0.029946, 0.032492, 0.035375, 0.038601, 0.042174, 0.046099, 0.050378, 0.055015, 0.060009, 0.065361, 0.071066, 0.077119, 0.083513, 0.090237, 0.097278, 0.104619, 0.112239, 0.120117, 0.128225, 0.136533, 0.145007, 0.153612, 0.162306, 0.171048, 0.179792, 0.188491, 0.197095, 0.205553, 0.213813, 0.221823, 0.229530, 0.236882, 0.243829, 0.250321, 0.256312, 0.261758, 0.266618, 0.270856, 0.274439, 0.277339, 0.279535, 0.281008, 0.281747, 0.281747, 0.281008, 0.279535, 0.277339, 0.274439, 0.270856, 0.266618, 0.261758, 0.256312, 0.250322, 0.243829, 0.236883, 0.229530, 0.221823, 0.213814, 0.205554, 0.197096, 0.188492, 0.179793, 0.171049, 0.162307, 0.153612, 0.145008, 0.136533, 0.128225, 0.120118, 0.112240, 0.104619, 0.097278, 0.090238, 0.083513, 0.077119, 0.071066, 0.065361, 0.060010, 0.055015, 0.050379, 0.046099, 0.042174, 0.038601, 0.035375, 0.032492, 0.029946, 0.027733, 0.025847, 0.024283, 0.023038, 0.022107, 0.021488, 0.021179
0.019177, 0.019457, 0.020018, 0.020860, 0.021988, 0.023404, 0.025112, 0.027116, 0.029421, 0.032031, 0.034952, 0.038188, 0.041742, 0.045617, 0.049815, 0.054338, 0.059183, 0.064349, 0.069830, 0.075619, 0.081708, 0.088083, 0.094730, 0.101631, 0.108764, 0.116105, 0.123627, 0.131301, 0.139092, 0.146964, 0.154880, 0.162798, 0.170674, 0.178464, 0.186123, 0.193602, 0.200855, 0.207833, 0.214491, 0.220781, 0.226659, 0.232084, 0.237015, 0.241416, 0.245253, 0.248498, 0.251124, 0.253112, 0.254446, 0.255115, 0.255115, 0.254446, 0.253112, 0.251124, 0.248498, 0.245253, 0.241416, 0.237016, 0.232084, 0.226660, 0.220781, 0.214491, 0.207834, 0.200855, 0.193603, 0.186123, 0.178465, 0.170674, 0.162798, 0.154880, 0.146965, 0.139092, 0.131301, 0.123628, 0.116105, 0.108764, 0.101631, 0.094731, 0.088084, 0.081708, 0.075620, 0.069830, 0.064349, 0.059183, 0.054338, 0.049815, 0.045617, 0.041742, 0.038188, 0.034953, 0.032032, 0.029421, 0.027116, 0.025112, 0.023404, 0.021988, 0.020860, 0.020018, 0.019457, 0.019177
0.017312, 0.017564, 0.018070, 0.018831, 0.019849, 0.021127, 0.022668, 0.024478, 0.026558, 0.028915, 0.031552, 0.034472, 0.037680, 0.041178, 0.044968, 0.049051, 0.053424, 0.058088, 0.063035, 0.068262, 0.073758, 0.079513, 0.085513, 0.091742, 0.098181, 0.104808, 0.111598, 0.118525, 0.125557, 0.132664, 0.139809, 0.146956, 0.154066, 0.161098, 0.168011, 0.174763, 0.181310, 0.187609, 0.193619, 0.199297, 0.204604, 0.209500, 0.213952, 0.217924, 0.221388, 0.224317, 0.226687, 0.228482, 0.229686, 0.230290, 0.230290, 0.229686, 0.228482, 0.226687, 0.224317, 0.221388, 0.217924, 0.213952, 0.209501, 0.204604, 0.199297, 0.193619, 0.187609, 0.181310, 0.174763, 0.168012, 0.161099, 0.154066, 0.146957, 0.139810, 0.132664, 0.125558, 0.118525, 0.111598, 0.104808, 0.098181, 0.091742, 0.085513, 0.079513, 0.073758, 0.068262, 0.063036, 0.058088, 0.053425, 0.049051, 0.044969, 0.041179, 0.037680, 0.034472, 0.031552, 0.028915, 0.026558, 0.024478, 0.022669, 0.021127, 0.019849, 0.018831, 0.018070, 0.017564, 0.017312
0.015581, 0.015808, 0.016263, 0.016948, 0.017864, 0.019014, 0.020402, 0.022030, 0.023903, 0.026024, 0.028397, 0.031025, 0.033913, 0.037061, 0.040472, 0.044146, 0.048082, 0.052279, 0.056732, 0.061436, 0.066382, 0.071562, 0.076962, 0.082568, 0.088363, 0.094327, 0.100438, 0.106672, 0.113002, 0.119398, 0.125828, 0.132261, 0.138659, 0.144988, 0.151210, 0.157286, 0.163178, 0.168847, 0.174256, 0.179366, 0.184142, 0.188549, 0.192556, 0.196131, 0.199248, 0.201884, 0.204018, 0.205633, 0.206717, 0.207261, 0.207261, 0.206717, 0.205633, 0.204018, 0.201884, 0.199248, 0.196131, 0.192556, 0.188550, 0.184142, 0.179366, 0.174256, 0.168848, 0.163178, 0.157286, 0.151210, 0.144989, 0.138660, 0.132261, 0.125829, 0.119398, 0.113002, 0.106673, 0.100439, 0.094327, 0.088363, 0.082568, 0.076962, 0.071562, 0.066383, 0.061436, 0.056732, 0.052279, 0.048083, 0.044146, 0.040472, 0.037061, 0.033913, 0.031026, 0.028397, 0.026024, 0.023903, 0.022030, 0.020402, 0.019014, 0.017864, 0.016948, 0.016263, 0.015808, 0.015581
0.013983, 0.014187, 0.014595, 0.015210, 0.016032, 0.017064, 0.018309, 0.019771, 0.021451, 0.023355, 0.025484, 0.027843, 0.030434, 0.033260, 0.036321, 0.039618, 0.043151, 0.046917, 0.050913, 0.055134, 0.059573, 0.064222, 0.069068, 0.074099, 0.079299, 0.084652, 0.090136, 0.095731, 0.101411, 0.107151, 0.112922, 0.118694, 0.124436, 0.130116, 0.135700, 0.141153, 0.146440, 0.151528, 0.156381, 0.160967, 0.165253, 0.169208, 0.172803, 0.176012, 0.178809, 0.181175, 0.183089, 0.184539, 0.185512, 0.186000, 0.186000, 0.185512, 0.184539, 0.183090, 0.181175, 0.178810, 0.176012, 0.172804, 0.169208, 0.165253, 0.160967, 0.156381, 0.151528, 0.146440, 0.141153, 0.135700, 0.130117, 0.124437, 0.118694, 0.112922, 0.107151, 0.101411, 0.095731, 0.090137, 0.084652, 0.079300, 0.074099, 0.069068, 0.064222, 0.059574, 0.055135, 0.050913, 0.046917, 0.043151, 0.039618, 0.036321, 0.033260, 0.030434, 0.027843, 0.025484, 0.023355, 0.021451, 0.019771, 0.018309, 0.017064, 0.016032, 0.015210, 0.014595, 0.014187, 0.013983
0.012515, 0.012697, 0.013063, 0.013613, 0.014349, 0.015273, 0.016387, 0.017695, 0.019199, 0.020903, 0.022809, 0.024920, 0.027239, 0.029768, 0.032508, 0.035459, 0.038620, 0.041991, 0.045568, 0.049346, 0.053319, 0.057479, 0.061817, 0.066319, 0.070974, 0.075764, 0.080673, 0.085680, 0.090764, 0.095901, 0.101066, 0.106233, 0.111372, 0.116455, 0.121453, 0.126333, 0.131065, 0.135619, 0.139963, 0.144067, 0.147903, 0.151443, 0.154660, 0.157532, 0.160036, 0.162153, 0.163866, 0.165164, 0.166034, 0.166471, 0.166471, 0.166034, 0.165164, 0.163867, 0.162153, 0.160036, 0.157532, 0.154661, 0.151443, 0.147903, 0.144067, 0.139963, 0.135619, 0.131065, 0.126333, 0.121453, 0.116456, 0.111372, 0.106233, 0.101066, 0.095901, 0.090764, 0.085680, 0.080673, 0.075765, 0.070974, 0.066320, 0.061817, 0.057479, 0.053319, 0.049346, 0.045568, 0.041992, 0.038621, 0.035459, 0.032508, 0.029768, 0.027239, 0.024920, 0.022809, 0.020903, 0.019199, 0.017695, 0.016387, 0.015273, 0.014349, 0.013613, 0.013063, 0.012697, 0.012515
0.011173, 0.011336, 0.011663, 0.012154, 0.012811, 0.013636, 0.014631, 0.015798, 0.017141, 0.018662, 0.020364, 0.022249, 0.024320, 0.026577, 0.029023, 0.031658, 0.034481, 0.037490, 0.040684, 0.044057, 0.047604, 0.051318, 0.055191, 0.059211, 0.063366, 0.067643, 0.072026, 0.076496, 0.081035, 0.085622, 0.090233, 0.094846, 0.099434, 0.103973, 0.108434, 0.112791, 0.117016, 0.121082, 0.124960, 0.128624, 0.132049, 0.135210, 0.138082, 0.140646, 0.142881, 0.144771, 0.146301, 0.147460, 0.148237, 0.148627, 0.148627, 0.148237, 0.147460, 0.146301, 0.144771, 0.142881, 0.140646, 0.138082, 0.135210, 0.132049, 0.128625, 0.124960, 0.121082, 0.117017, 0.112792, 0.108434, 0.103973, 0.099434, 0.094846, 0.090233, 0.085622, 0.081036, 0.076497, 0.072026, 0.067644, 0.063367, 0.059211, 0.055191, 0.051318, 0.047604, 0.044057, 0.040684, 0.037491, 0.034481, 0.031658, 0.029023, 0.026577, 0.024320, 0.022249, 0.020364, 0.018662, 0.017141, 0.015799, 0.014631, 0.013636, 0.012811, 0.012154, 0.011663, 0.011336, 0.011173
0.009955, 0.010100, 0.010391, 0.010828, 0.011413, 0.012148, 0.013035, 0.014075, 0.015271, 0.016626, 0.018143, 0.019822, 0.021666, 0.023678, 0.025857, 0.028204, 0.030719, 0.033400, 0.036245, 0.039251, 0.042411, 0.045720, 0.049170, 0.052751, 0.056453, 0.060264, 0.064168, 0.068151, 0.072195, 0.076281, 0.080389, 0.084498, 0.088586, 0.092630, 0.096604, 0.100486, 0.104250, 0.107872, 0.111327, 0.114592, 0.117643, 0.120458, 0.123018, 0.125302, 0.127293, 0.128977, 0.130340, 0.131372, 0.132064, 0.132412, 0.132412, 0.132064, 0.131372, 0.130340, 0.128977, 0.127293, 0.125302, 0.123018, 0.120459, 0.117643, 0.114592, 0.111327, 0.107872, 0.104251, 0.100486, 0.096605, 0.092630, 0.088587, 0.084499, 0.080389, 0.076281, 0.072195, 0.068151, 0.064168, 0.060264, 0.056454, 0.052751, 0.049170, 0.045720, 0.042411, 0.039251, 0.036246, 0.033401, 0.030719, 0.028204, 0.025857, 0.023678, 0.021667, 0.019822, 0.018143, 0.016627, 0.015271, 0.014075, 0.013035, 0.012148, 0.011413, 0.010828, 0.010391, 0.010100, 0.009955
0.008853, 0.008983, 0.009241, 0.009630, 0.010151, 0.010805, 0.011593, 0.012518, 0.013582, 0.014787, 0.016136, 0.017629, 0.019270, 0.021059, 0.022997, 0.025085, 0.027321, 0.029706, 0.032236, 0.034909, 0.037720, 0.040663, 0.043731, 0.046916, 0.050209, 0.053598, 0.057070, 0.060613, 0.064209, 0.067843, 0.071497, 0.075152, 0.078788, 0.082384, 0.085919, 0.089371, 0.092719, 0.095940, 0.099013, 0.101917, 0.104630, 0.107134, 0.109411, 0.111442, 0.113213, 0.114711, 0.115923, 0.116841, 0.117456, 0.117766, 0.117766, 0.117457, 0.116841, 0.115923, 0.114711, 0.113213, 0.111442, 0.109411, 0.107134, 0.104630, 0.101917, 0.099013, 0.095940, 0.092719, 0.089371, 0.085919, 0.082384, 0.078788, 0.075152, 0.071497, 0.067843, 0.064209, 0.060613, 0.057071, 0.053598, 0.050209, 0.046917, 0.043731, 0.040663, 0.037720, 0.034909, 0.032236, 0.029706, 0.027322, 0.025085, 0.022997, 0.021059, 0.019270, 0.017630, 0.016136, 0.014787, 0.013582, 0.012518, 0.011593, 0.010805, 0.010151, 0.009630, 0.009241, 0.008983, 0.008853
0.007865, 0.007980, 0.008210, 0.008556, 0.009018, 0.009599, 0.010299, 0.011121, 0.012066, 0.013137, 0.014335, 0.015662, 0.017119, 0.018709, 0.020431, 0.022285, 0.024272, 0.026391, 0.028639, 0.031013, 0.033510, 0.036125, 0.038851, 0.041681, 0.044606, 0.047617, 0.050702, 0.053848, 0.057044, 0.060272, 0.063518, 0.066765, 0.069995, 0.073190, 0.076330, 0.079398, 0.082372, 0.085234, 0.087964, 0.090543, 0.092954, 0.095178, 0.097201, 0.099005, 0.100579, 0.101909, 0.102986, 0.103802, 0.104349, 0.104623, 0.104623, 0.104349, 0.103802, 0.102986, 0.101909, 0.100579, 0.099005, 0.097201, 0.095179, 0.092954, 0.090543, 0.087964, 0.085234, 0.082372, 0.079398, 0.076331, 0.073190, 0.069995, 0.066765, 0.063518, 0.060272, 0.057044, 0.053849, 0.050702, 0.047617, 0.044606, 0.041681, 0.038851, 0.036125, 0.033510, 0.031013, 0.028639, 0.026391, 0.024273, 0.022285, 0.020431, 0.018709, 0.017120, 0.015662, 0.014335, 0.013137, 0.012067, 0.011121, 0.010299, 0.009599, 0.009018, 0.008556, 0.008210, 0.007980, 0.007865
0.006985, 0.007087, 0.007291, 0.007598, 0.008009, 0.008525, 0.009147, 0.009877, 0.010716, 0.011667, 0.012731, 0.013910, 0.015204, 0.016616, 0.018145, 0.019792, 0.021557, 0.023438, 0.025435, 0.027544, 0.029761, 0.032083, 0.034504, 0.037018, 0.039616, 0.042289, 0.045029, 0.047824, 0.050662, 0.053529, 0.056412, 0.059296, 0.062164, 0.065002, 0.067791, 0.070515, 0.073156, 0.075698, 0.078123, 0.080414, 0.082555, 0.084530, 0.086326, 0.087929, 0.089327, 0.090508, 0.091465, 0.092189, 0.092675, 0.092919, 0.092919, 0.092675, 0.092189, 0.091465, 0.090508, 0.089327, 0.087929, 0.086326, 0.084530, 0.082555, 0.080414, 0.078123, 0.075698, 0.073157, 0.070515, 0.067791, 0.065002, 0.062165, 0.059296, 0.056412, 0.053529, 0.050662, 0.047824, 0.045029, 0.042290, 0.039616, 0.037018, 0.034504, 0.032083, 0.029761, 0.027544, 0.025435, 0.023438, 0.021557, 0.019792, 0.018145, 0.016616, 0.015204, 0.013910, 0.012731, 0.011667, 0.010717, 0.009877, 0.009147, 0.008525, 0.008009, 0.007598, 0.007291, 0.007087, 0.006985
0.006208, 0.006299, 0.006480, 0.006753, 0.007118, 0.007577, 0.008130, 0.008778, 0.009525, 0.010370, 0.011315, 0.012363, 0.013513, 0.014768, 0.016127, 0.017591, 0.019159, 0.020832, 0.022606, 0.024480, 0.026451, 0.028515, 0.030667, 0.032901, 0.035210, 0.037586, 0.040021, 0.042505, 0.045027, 0.047576, 0.050138, 0.052701, 0.055251, 0.057773, 0.060252, 0.062673, 0.065021, 0.067280, 0.069435, 0.071471, 0.073374, 0.075130, 0.076726, 0.078150, 0.079393, 0.080443, 0.081293, 0.081936, 0.082368, 0.082585, 0.082585, 0.082368, 0.081936, 0.081293, 0.080443, 0.079393, 0.078151, 0.076726, 0.075130, 0.073374, 0.071471, 0.069435, 0.067280, 0.065021, 0.062673, 0.060252, 0.057773, 0.055251, 0.052701, 0.050138, 0.047576, 0.045028, 0.042506, 0.040022, 0.037586, 0.035210, 0.032901, 0.030667, 0.028515, 0.026451, 0.024480, 0.022606, 0.020832, 0.019159, 0.017591, 0.016127, 0.014768, 0.013513, 0.012363, 0.011315, 0.010370, 0.009525, 0.008778, 0.008130, 0.007577, 0.007118, 0.006753, 0.006480, 0.006299, 0.006208
0.005530, 0.005610, 0.005772, 0.006015, 0.006340, 0.006748, 0.007241, 0.007819, 0.008483, 0.009236, 0.010078, 0.011011, 0.012036, 0.013153, 0.014364, 0.015668, 0.017065, 0.018554, 0.020135, 0.021804, 0.023560, 0.025398, 0.027314, 0.029304, 0.031361, 0.033477, 0.035646, 0.037859, 0.040105, 0.042375, 0.044657, 0.046940, 0.049211, 0.051457, 0.053665, 0.055822, 0.057913, 0.059925, 0.061844, 0.063658, 0.065353, 0.066917, 0.068339, 0.069608, 0.070714, 0.071649, 0.072407, 0.072980, 0.073365, 0.073558, 0.073558, 0.073365, 0.072980, 0.072407, 0.071649, 0.070714, 0.069608, 0.068339, 0.066917, 0.065353, 0.063658, 0.061845, 0.059925, 0.057913, 0.055822, 0.053666, 0.051458, 0.049211, 0.046940, 0.044658, 0.042375, 0.040105, 0.037859, 0.035647, 0.033478, 0.031361, 0.029304, 0.027314, 0.025398, 0.023560, 0.021804, 0.020135, 0.018554, 0.017065, 0.015668, 0.014364, 0.013153, 0.012036, 0.011011, 0.010078, 0.009236, 0.008483, 0.007819, 0.007241, 0.006748, 0.006340, 0.006015, 0.005772, 0.005610, 0.005530
0.004944, 0.005016, 0.005161, 0.005378, 0.005669, 0.006034, 0.006474, 0.006991, 0.007585, 0.008258, 0.009011, 0.009846, 0.010762, 0.011761, 0.012843, 0.014009, 0.015259, 0.016591, 0.018004, 0.019496, 0.021066, 0.022710, 0.024424, 0.026203, 0.028042, 0.029935, 0.031874, 0.033852, 0.035861, 0.037891, 0.039932, 0.041973, 0.044004, 0.046012, 0.047986, 0.049915, 0.051785, 0.053584, 0.055300, 0.056922, 0.058437, 0.059836, 0.061107, 0.062242, 0.063231, 0.064068, 0.064745, 0.065257, 0.065601, 0.065774, 0.065774, 0.065601, 0.065257, 0.064745, 0.064068, 0.063231, 0.062242, 0.061107, 0.059836, 0.058437, 0.056922, 0.055300, 0.053584, 0.051785, 0.049915, 0.047987, 0.046012, 0.044004, 0.041973, 0.039932, 0.037891, 0.035861, 0.033853, 0.031874, 0.029935, 0.028042, 0.026203, 0.024424, 0.022710, 0.021066, 0.019497, 0.018004, 0.016591, 0.015259, 0.014010, 0.012844, 0.011761, 0.010762, 0.009846, 0.009012, 0.008258, 0.007585, 0.006991, 0.006474, 0.006034, 0.005669, 0.005378, 0.005161, 0.005016, 0.004944
0.004448, 0.004513, 0.004643, 0.004838, 0.005100, 0.005428, 0.005825, 0.006289, 0.006824, 0.007430, 0.008107, 0.008858, 0.009682, 0.010581, 0.011555, 0.012604, 0.013728, 0.014926, 0.016197, 0.017540, 0.018953, 0.020431, 0.021973, 0.023574, 0.025228, 0.026931, 0.028676, 0.030456, 0.032263, 0.034089, 0.035926, 0.037762, 0.039589, 0.041396, 0.043172, 0.044907, 0.046590, 0.048208, 0.049752, 0.051211, 0.052575, 0.053833, 0.054977, 0.055998, 0.056888, 0.057641, 0.058250, 0.058711, 0.059020, 0.059176, 0.059176, 0.059020, 0.058711, 0.058250, 0.057641, 0.056888, 0.055998, 0.054977, 0.053833, 0.052575, 0.051212, 0.049753, 0.048208, 0.046590, 0.044907, 0.043173, 0.041396, 0.039589, 0.037762, 0.035926, 0.034090, 0.032263, 0.030456, 0.028676, 0.026931, 0.025228, 0.023574, 0.021973, 0.020431, 0.018953, 0.017540, 0.016197, 0.014926, 0.013728, 0.012604, 0.011555, 0.010581, 0.009682, 0.008858, 0.008107, 0.007430, 0.006824, 0.006289, 0.005825, 0.005428, 0.005100, 0.004838, 0.004643, 0.004513, 0.004448
0.004037, 0.004096, 0.004214, 0.004391, 0.004629, 0.004927, 0.005286, 0.005708, 0.006193, 0.006743, 0.007358, 0.008039, 0.008787, 0.009603, 0.010487, 0.011439, 0.012459, 0.013547, 0.014701, 0.015920, 0.017202, 0.018544, 0.019943, 0.021396, 0.022898, 0.024443, 0.026027, 0.027643, 0.029283, 0.030941, 0.032607, 0.034274, 0.035932, 0.037572, 0.039185, 0.040759, 0.042286, 0.043756, 0.045157, 0.046481, 0.047719, 0.048861, 0.049899, 0.050826, 0.051634, 0.052317, 0.052870, 0.053288, 0.053569, 0.053710, 0.053710, 0.053569, 0.053288, 0.052870, 0.052317, 0.051634, 0.050826, 0.049899, 0.048861, 0.047719, 0.046482, 0.045157, 0.043756, 0.042286, 0.040760, 0.039185, 0.037573, 0.035932, 0.034274, 0.032607, 0.030941, 0.029283, 0.027643, 0.026027, 0.024444, 0.022898, 0.021396, 0.019943, 0.018544, 0.017202, 0.015920, 0.014701, 0.013547, 0.012459, 0.011439, 0.010487, 0.009603, 0.008787, 0.008039, 0.007358, 0.006743, 0.006193, 0.005708, 0.005286, 0.004927, 0.004629, 0.004391, 0.004214, 0.004096, 0.004037
0.003707, 0.003761, 0.003870, 0.004033, 0.004251, 0.004525, 0.004855, 0.005242, 0.005688, 0.006193, 0.006758, 0.007383, 0.008070, 0.008820, 0.009632, 0.010506, 0.011443, 0.012442, 0.013502, 0.014621, 0.015799, 0.017031, 0.018317, 0.019651, 0.021030, 0.022450, 0.023905, 0.025388, 0.026895, 0.028417, 0.029948, 0.031479, 0.033002, 0.034509, 0.035990, 0.037436, 0.038838, 0.040188, 0.041475, 0.042691, 0.043828, 0.044877, 0.045831, 0.046682, 0.047424, 0.048051, 0.048559, 0.048944, 0.049202, 0.049331, 0.049331, 0.049202, 0.048944, 0.048559, 0.048051, 0.047424, 0.046682, 0.045831, 0.044877, 0.043828, 0.042692, 0.041475, 0.040188, 0.038838, 0.037436, 0.035990, 0.034509, 0.033002, 0.031479, 0.029948, 0.028417, 0.026895, 0.025389, 0.023905, 0.022450, 0.021030, 0.019651, 0.018317, 0.017031, 0.015799, 0.014621, 0.013502, 0.012442, 0.011443, 0.010506, 0.009632, 0.008820, 0.008070, 0.007383, 0.006758, 0.006193, 0.005688, 0.005242, 0.004855, 0.004525, 0.004251, 0.004033, 0.003870, 0.003761, 0.003707
0.003456, 0.003507, 0.003608, 0.003760, 0.003963, 0.004218, 0.004526, 0.004888, 0.005303, 0.005774, 0.006301, 0.006884, 0.007525, 0.008223, 0.008980, 0.009796, 0.010669, 0.011601, 0.012589, 0.013633, 0.014731, 0.015880, 0.017079, 0.018323, 0.019609, 0.020933, 0.022289, 0.023673, 0.025078, 0.026497, 0.027924, 0.029352, 0.030772, 0.032177, 0.033558, 0.034906, 0.036214, 0.037473, 0.038673, 0.039807, 0.040867, 0.041845, 0.042735, 0.043528, 0.044220, 0.044805, 0.045279, 0.045637, 0.045878, 0.045998, 0.045998, 0.045878, 0.045637, 0.045279, 0.044805, 0.044220, 0.043528, 0.042735, 0.041845, 0.040867, 0.039807, 0.038673, 0.037473, 0.036214, 0.034907, 0.033558, 0.032177, 0.030772, 0.029352, 0.027924, 0.026497, 0.025078, 0.023673, 0.022289, 0.020933, 0.019609, 0.018323, 0.017079, 0.015880, 0.014731, 0.013633, 0.012589, 0.011601, 0.010669, 0.009796, 0.008980, 0.008223, 0.007525, 0.006884, 0.006301, 0.005774, 0.005303, 0.004888, 0.004526, 0.004219, 0.003963, 0.003760, 0.003608, 0.003507, 0.003457
0.003282, 0.003330, 0.003426, 0.003570, 0.003763, 0.004005, 0.004298, 0.004641, 0.005036, 0.005482, 0.005983, 0.006536, 0.007145, 0.007808, 0.008527, 0.009301, 0.010131, 0.011015, 0.011954, 0.012945, 0.013988, 0.015079, 0.016217, 0.017399, 0.018620, 0.019877, 0.021165, 0.022479, 0.023813, 0.025161, 0.026517, 0.027873, 0.029221, 0.030555, 0.031867, 0.033147, 0.034389, 0.035584, 0.036724, 0.037801, 0.038808, 0.039737, 0.040581, 0.041335, 0.041992, 0.042548, 0.042997, 0.043338, 0.043566, 0.043681, 0.043681, 0.043566, 0.043338, 0.042997, 0.042548, 0.041992, 0.041335, 0.040581, 0.039737, 0.038808, 0.037801, 0.036724, 0.035584, 0.034389, 0.033147, 0.031867, 0.030555, 0.029221, 0.027873, 0.026517, 0.025161, 0.023813, 0.022479, 0.021165, 0.019877, 0.018620, 0.017399, 0.016217, 0.015079, 0.013988, 0.012945, 0.011954, 0.011016, 0.010131, 0.009301, 0.008527, 0.007808, 0.007145, 0.006537, 0.005983, 0.005483, 0.005036, 0.004641, 0.004298, 0.004005, 0.003763, 0.003570, 0.003426, 0.003330, 0.003282
0.003182, 0.003228, 0.003321, 0.003461, 0.003648, 0.003883, 0.004167, 0.004499, 0.004882, 0.005315, 0.005800, 0.006337, 0.006927, 0.007571, 0.008268, 0.009018, 0.009823, 0.010680, 0.011590, 0.012551, 0.013562, 0.014621, 0.015724, 0.016870, 0.018054, 0.019273, 0.020522, 0.021796, 0.023090, 0.024397, 0.025711, 0.027026, 0.028334, 0.029627, 0.030899, 0.032140, 0.033345, 0.034503, 0.035609, 0.036653, 0.037629, 0.038530, 0.039349, 0.040080, 0.040717, 0.041256, 0.041692, 0.042022, 0.042243, 0.042355, 0.042355, 0.042243, 0.042022, 0.041692, 0.041256, 0.040717, 0.040080, 0.039349, 0.038530, 0.037630, 0.036653, 0.035609, 0.034504, 0.033345, 0.032141, 0.030899, 0.029627, 0.028334, 0.027026, 0.025711, 0.024397, 0.023090, 0.021796, 0.020522, 0.019273, 0.018054, 0.016870, 0.015724, 0.014621, 0.013562, 0.012552, 0.011590, 0.010680, 0.009823, 0.009018, 0.008268, 0.007571, 0.006927, 0.006337, 0.005800, 0.005315, 0.004882, 0.004499, 0.004167, 0.003883, 0.003648, 0.003461, 0.003321, 0.003228, 0.003182
0.003155, 0.003201, 0.003293, 0.003432, 0.003618, 0.003851, 0.004132, 0.004462, 0.004841, 0.005271, 0.005752, 0.006284, 0.006869, 0.007507, 0.008199, 0.008943, 0.009741, 0.010591, 0.011494, 0.012447, 0.013450, 0.014499, 0.015594, 0.016730, 0.017904, 0.019113, 0.020352, 0.021616, 0.022898, 0.024195, 0.025498, 0.026802, 0.028099, 0.029382, 0.030643, 0.031875, 0.033069, 0.034218, 0.035315, 0.036351, 0.037319, 0.038212, 0.039024, 0.039749, 0.040381, 0.040915, 0.041348, 0.041675, 0.041895, 0.042005, 0.042005, 0.041895, 0.041675, 0.041348, 0.040915, 0.040381, 0.039749, 0.039024, 0.038212, 0.037319, 0.036351, 0.035315, 0.034219, 0.033069, 0.031875, 0.030643, 0.029382, 0.028099, 0.026802, 0.025498, 0.024195, 0.022899, 0.021616, 0.020352, 0.019113, 0.017905, 0.016730, 0.015594, 0.014499, 0.013450, 0.012447, 0.011494, 0.010591, 0.009741, 0.008943, 0.008199, 0.007508, 0.006870, 0.006284, 0.005752, 0.005271, 0.004841, 0.004462, 0.004132, 0.003851, 0.003618, 0.003432, 0.003293, 0.003201, 0.003155
0.003201, 0.003248, 0.003341, 0.003482, 0.003671, 0.003907, 0.004192, 0.004527, 0.004912, 0.005348, 0.005836, 0.006377, 0.006970, 0.007618, 0.008319, 0.009075, 0.009884, 0.010747, 0.011663, 0.012630, 0.013648, 0.014713, 0.015824, 0.016977, 0.018169, 0.019395, 0.020652, 0.021935, 0.023236, 0.024552, 0.025875, 0.027198, 0.028514, 0.029816, 0.031096, 0.032346, 0.033558, 0.034724, 0.035837, 0.036888, 0.037871, 0.038777, 0.039601, 0.040337, 0.040978, 0.041520, 0.041959, 0.042292, 0.042515, 0.042626, 0.042626, 0.042515, 0.042292, 0.041959, 0.041520, 0.040978, 0.040337, 0.039601, 0.038777, 0.037871, 0.036888, 0.035837, 0.034724, 0.033558, 0.032346, 0.031096, 0.029816, 0.028514, 0.027198, 0.025875, 0.024552, 0.023237, 0.021935, 0.020652, 0.019395, 0.018169, 0.016977, 0.015824, 0.014713, 0.013648, 0.012631, 0.011663, 0.010747, 0.009884, 0.009075, 0.008319, 0.007618, 0.006970, 0.006377, 0.005836, 0.005348, 0.004912, 0.004527, 0.004192, 0.003907, 0.003671, 0.003482, 0.003341, 0.003248, 0.003201
0.003320, 0.003369, 0.003466, 0.003612, 0.003807, 0.004053, 0.004349, 0.004696, 0.005095, 0.005548, 0.006054, 0.006615, 0.007231, 0.007902, 0.008630, 0.009414, 0.010253, 0.011149, 0.012099, 0.013102, 0.014158, 0.015263, 0.016415, 0.017611, 0.018848, 0.020120, 0.021424, 0.022755, 0.024105, 0.025470, 0.026842, 0.028215, 0.029581, 0.030931, 0.032259, 0.033556, 0.034813, 0.036023, 0.037177, 0.038268, 0.039287, 0.040228, 0.041083, 0.041846, 0.042511, 0.043074, 0.043529, 0.043874, 0.044105, 0.044221, 0.044221, 0.044105, 0.043874, 0.043529, 0.043074, 0.042511, 0.041846, 0.041083, 0.040228, 0.039287, 0.038268, 0.037177, 0.036023, 0.034813, 0.033556, 0.032259, 0.030931, 0.029581, 0.028215, 0.026842, 0.025470, 0.024105, 0.022755, 0.021424, 0.020120, 0.018848, 0.017611, 0.016415, 0.015263, 0.014158, 0.013102, 0.012099, 0.011149, 0.010253, 0.009414, 0.008630, 0.007902, 0.007231, 0.006615, 0.006054, 0.005548, 0.005095, 0.004696, 0.004349, 0.004053, 0.003807, 0.003612, 0.003466, 0.003369, 0.003320
0.003514, 0.003565, 0.003668, 0.003822, 0.004029, 0.004289, 0.004602, 0.004970, 0.005392, 0.005871, 0.006407, 0.007000, 0.007652, 0.008363, 0.009133, 0.009962, 0.010851, 0.011799, 0.012804, 0.013866, 0.014983, 0.016153, 0.017372, 0.018638, 0.019947, 0.021294, 0.022674, 0.024082, 0.025511, 0.026956, 0.028408, 0.029861, 0.031306, 0.032736, 0.034141, 0.035514, 0.036844, 0.038125, 0.039347, 0.040501, 0.041580, 0.042575, 0.043480, 0.044288, 0.044992, 0.045587, 0.046069, 0.046434, 0.046679, 0.046802, 0.046802, 0.046679, 0.046434, 0.046069, 0.045587, 0.044992, 0.044288, 0.043480, 0.042575, 0.041580, 0.040501, 0.039347, 0.038125, 0.036845, 0.035514, 0.034141, 0.032736, 0.031306, 0.029861, 0.028408, 0.026956, 0.025511, 0.024082, 0.022674, 0.021294, 0.019947, 0.018638, 0.017372, 0.016153, 0.014983, 0.013866, 0.012804, 0.011799, 0.010851, 0.009962, 0.009133, 0.008363, 0.007652, 0.007000, 0.006407, 0.005871, 0.005392, 0.004970, 0.004602, 0.004289, 0.004029, 0.003822, 0.003668, 0.003565, 0.003514
0.003783, 0.003838, 0.003949, 0.004115, 0.004338, 0.004617, 0.004954, 0.005350, 0.005805, 0.006321, 0.006897, 0.007536, 0.008238, 0.009003, 0.009832, 0.010725, 0.011682, 0.012702, 0.013785, 0.014928, 0.016131, 0.017390, 0.018703, 0.020066, 0.021475, 0.022925, 0.024411, 0.025927, 0.027466, 0.029021, 0.030585, 0.032149, 0.033705, 0.035244, 0.036757, 0.038235, 0.039668, 0.041046, 0.042362, 0.043604, 0.044766, 0.045838, 0.046812, 0.047682, 0.048440, 0.049081, 0.049600, 0.049993, 0.050256, 0.050389, 0.050389, 0.050256, 0.049993, 0.049600, 0.049081, 0.048440, 0.047682, 0.046812, 0.045838, 0.044766, 0.043605, 0.042362, 0.041046, 0.039668, 0.038235, 0.036757, 0.035244, 0.033705, 0.032149, 0.030585, 0.029021, 0.027466, 0.025927, 0.024411, 0.022925, 0.021475, 0.020066, 0.018703, 0.017390, 0.016131, 0.014928, 0.013785, 0.012702, 0.011682, 0.010725, 0.009832, 0.009003, 0.008238, 0.007536, 0.006897, 0.006321, 0.005805, 0.005350, 0.004954, 0.004617, 0.004338, 0.004115, 0.003949, 0.003838, 0.003783
0.004129, 0.004190, 0.004310, 0.004492, 0.004735, 0.005040, 0.005408, 0.005840, 0.006337, 0.006900, 0.007529, 0.008227, 0.008993, 0.009828, 0.010734, 0.011708, 0.012753, 0.013867, 0.015049, 0.016297, 0.017610, 0.018984, 0.020418, 0.021906, 0.023444, 0.025027, 0.026649, 0.028304, 0.029984, 0.031682, 0.033389, 0.035097, 0.036796, 0.038476, 0.040128, 0.041741, 0.043305, 0.044811, 0.046247, 0.047603, 0.048871, 0.050042, 0.051105, 0.052055, 0.052882, 0.053582, 0.054149, 0.054578, 0.054865, 0.055010, 0.055010, 0.054865, 0.054578, 0.054149, 0.053582, 0.052882, 0.052055, 0.051105, 0.050042, 0.048872, 0.047604, 0.046247, 0.044811, 0.043306, 0.041741, 0.040128, 0.038476, 0.036796, 0.035097, 0.033390, 0.031682, 0.029984, 0.028304, 0.026649, 0.025027, 0.023444, 0.021906, 0.020418, 0.018985, 0.017610, 0.016297, 0.015049, 0.013867, 0.012753, 0.011709, 0.010734, 0.009828, 0.008993, 0.008227, 0.007530, 0.006900, 0.006337, 0.005840, 0.005408, 0.005040, 0.004735, 0.004492, 0.004310, 0.004190, 0.004129
0.004556, 0.004623, 0.004756, 0.004957, 0.005225, 0.005561, 0.005968, 0.006444, 0.006993, 0.007614, 0.008308, 0.009078, 0.009923, 0.010845, 0.011844, 0.012920, 0.014072, 0.015301, 0.016605, 0.017983, 0.019432, 0.020949, 0.022530, 0.024172, 0.025869, 0.027616, 0.029407, 0.031233, 0.033087, 0.034960, 0.036844, 0.038729, 0.040603, 0.042457, 0.044280, 0.046060, 0.047787, 0.049448, 0.051032, 0.052529, 0.053929, 0.055220, 0.056394, 0.057441, 0.058355, 0.059127, 0.059752, 0.060225, 0.060543, 0.060702, 0.060702, 0.060543, 0.060225, 0.059752, 0.059127, 0.058355, 0.057441, 0.056394, 0.055220, 0.053929, 0.052529, 0.051032, 0.049448, 0.047787, 0.046060, 0.044280, 0.042457, 0.040603, 0.038729, 0.036844, 0.034961, 0.033087, 0.031233, 0.029407, 0.027617, 0.025870, 0.024172, 0.022530, 0.020949, 0.019432, 0.017983, 0.016606, 0.015301, 0.014073, 0.012920, 0.011844, 0.010845, 0.009923, 0.009078, 0.008308, 0.007614, 0.006993, 0.006444, 0.005968, 0.005562, 0.005225, 0.004957, 0.004756, 0.004623, 0.004556
0.005067, 0.005141, 0.005289, 0.005512, 0.005810, 0.006185, 0.006637, 0.007167, 0.007777, 0.008467, 0.009240, 0.010096, 0.011036, 0.012061, 0.013172, 0.014368, 0.015650, 0.017017, 0.018467, 0.019999, 0.021610, 0.023297, 0.025056, 0.026882, 0.028770, 0.030713, 0.032704, 0.034735, 0.036797, 0.038881, 0.040976, 0.043071, 0.045156, 0.047218, 0.049245, 0.051225, 0.053145, 0.054992, 0.056755, 0.058420, 0.059976, 0.061412, 0.062717, 0.063883, 0.064898, 0.065757, 0.066453, 0.066979, 0.067332, 0.067509, 0.067509, 0.067332, 0.066979, 0.066453, 0.065757, 0.064898, 0.063883, 0.062718, 0.061412, 0.059976, 0.058420, 0.056755, 0.054992, 0.053145, 0.051225, 0.049246, 0.047218, 0.045156, 0.043071, 0.040976, 0.038881, 0.036797, 0.034735, 0.032704, 0.030713, 0.028770, 0.026883, 0.025056, 0.023297, 0.021610, 0.019999, 0.018467, 0.017017, 0.015650, 0.014368, 0.013172, 0.012061, 0.011036, 0.010096, 0.009240, 0.008467, 0.007777, 0.007167, 0.006637, 0.006185, 0.005810, 0.005512, 0.005289, 0.005141, 0.005067
0.005665, 0.005748, 0.005914, 0.006163, 0.006496, 0.006915, 0.007420, 0.008013, 0.008695, 0.009467, 0.010331, 0.011288, 0.012339, 0.013485, 0.014727, 0.016065, 0.017498, 0.019026, 0.020648, 0.022361, 0.024162, 0.026048, 0.028015, 0.030056, 0.032167, 0.034339, 0.036565, 0.038836, 0.041142, 0.043471, 0.045814, 0.048157, 0.050488, 0.052793, 0.055060, 0.057274, 0.059420, 0.061485, 0.063456, 0.065318, 0.067058, 0.068663, 0.070123, 0.071426, 0.072561, 0.073522, 0.074299, 0.074887, 0.075282, 0.075481, 0.075481, 0.075282, 0.074887, 0.074299, 0.073522, 0.072561, 0.071426, 0.070123, 0.068663, 0.067058, 0.065318, 0.063456, 0.061486, 0.059420, 0.057274, 0.055060, 0.052794, 0.050488, 0.048157, 0.045814, 0.043471, 0.041142, 0.038836, 0.036565, 0.034339, 0.032167, 0.030057, 0.028015, 0.026048, 0.024162, 0.022361, 0.020648, 0.019026, 0.017498, 0.016065, 0.014727, 0.013485, 0.012339, 0.011288, 0.010331, 0.009467, 0.008695, 0.008013, 0.007420, 0.006915, 0.006496, 0.006163, 0.005914, 0.005748, 0.005665
0.006355, 0.006448, 0.006634, 0.006913, 0.007287, 0.007757, 0.008324, 0.008988, 0.009753, 0.010619, 0.011588, 0.012662, 0.013841, 0.015127, 0.016520, 0.018021, 0.019628, 0.021343, 0.023162, 0.025083, 0.027104, 0.029220, 0.031426, 0.033716, 0.036084, 0.038520, 0.041017, 0.043565, 0.046151, 0.048764, 0.051392, 0.054020, 0.056635, 0.059221, 0.061764, 0.064247, 0.066655, 0.068972, 0.071182, 0.073271, 0.075222, 0.077024, 0.078661, 0.080122, 0.081396, 0.082473, 0.083345, 0.084006, 0.084449, 0.084671, 0.084671, 0.084449, 0.084006, 0.083346, 0.082474, 0.081396, 0.080122, 0.078661, 0.077024, 0.075223, 0.073271, 0.071182, 0.068972, 0.066655, 0.064247, 0.061764, 0.059222, 0.056635, 0.054020, 0.051392, 0.048764, 0.046151, 0.043565, 0.041018, 0.038521, 0.036084, 0.033716, 0.031426, 0.029220, 0.027104, 0.025083, 0.023162, 0.021343, 0.019629, 0.018021, 0.016520, 0.015127, 0.013841, 0.012662, 0.011588, 0.010619, 0.009753, 0.008989, 0.008324, 0.007757, 0.007287, 0.006913, 0.006634, 0.006448, 0.006355
0.007141, 0.007245, 0.007454, 0.007768, 0.008188, 0.008716, 0.009353, 0.010100, 0.010959, 0.011932, 0.013021, 0.014227, 0.015552, 0.016997, 0.018562, 0.020249, 0.022055, 0.023981, 0.026025, 0.028184, 0.030455, 0.032832, 0.035311, 0.037885, 0.040545, 0.043283, 0.046089, 0.048951, 0.051857, 0.054793, 0.057746, 0.060699, 0.063637, 0.066543, 0.069400, 0.072190, 0.074896, 0.077499, 0.079983, 0.082330, 0.084523, 0.086547, 0.088386, 0.090028, 0.091460, 0.092670, 0.093650, 0.094392, 0.094890, 0.095139, 0.095139, 0.094890, 0.094392, 0.093650, 0.092670, 0.091460, 0.090028, 0.088387, 0.086547, 0.084523, 0.082330, 0.079983, 0.077500, 0.074896, 0.072191, 0.069401, 0.066544, 0.063638, 0.060699, 0.057746, 0.054794, 0.051857, 0.048951, 0.046089, 0.043283, 0.040545, 0.037885, 0.035311, 0.032832, 0.030455, 0.028184, 0.026025, 0.023982, 0.022055, 0.020249, 0.018563, 0.016997, 0.015552, 0.014227, 0.013021, 0.011932, 0.010959, 0.010100, 0.009353, 0.008716, 0.008188, 0.007768, 0.007454, 0.007245, 0.007141
0.008027, 0.008144, 0.008379, 0.008732, 0.009205, 0.009798, 0.010514, 0.011353, 0.012319, 0.013413, 0.014637, 0.015993, 0.017483, 0.019107, 0.020866, 0.022762, 0.024793, 0.026958, 0.029256, 0.031683, 0.034235, 0.036908, 0.039694, 0.042587, 0.045577, 0.048655, 0.051809, 0.055027, 0.058293, 0.061594, 0.064913, 0.068233, 0.071536, 0.074803, 0.078014, 0.081151, 0.084192, 0.087119, 0.089911, 0.092548, 0.095014, 0.097289, 0.099357, 0.101203, 0.102812, 0.104173, 0.105274, 0.106108, 0.106667, 0.106948, 0.106948, 0.106667, 0.106108, 0.105274, 0.104173, 0.102812, 0.101203, 0.099357, 0.097289, 0.095014, 0.092549, 0.089911, 0.087119, 0.084192, 0.081151, 0.078015, 0.074803, 0.071536, 0.068234, 0.064914, 0.061595, 0.058294, 0.055027, 0.051810, 0.048656, 0.045578, 0.042587, 0.039694, 0.036908, 0.034235, 0.031683, 0.029256, 0.026958, 0.024793, 0.022762, 0.020867, 0.019107, 0.017483, 0.015993, 0.014638, 0.013413, 0.012319, 0.011354, 0.010514, 0.009798, 0.009205, 0.008732, 0.008379, 0.008144, 0.008027
0.009019, 0.009151, 0.009414, 0.009811, 0.010342, 0.011009, 0.011813, 0.012756, 0.013841, 0.015071, 0.016446, 0.017969, 0.019643, 0.021467, 0.023445, 0.025574, 0.027856, 0.030289, 0.032870, 0.035597, 0.038465, 0.041467, 0.044598, 0.047848, 0.051208, 0.054667, 0.058210, 0.061825, 0.065495, 0.069204, 0.072933, 0.076663, 0.080374, 0.084044, 0.087652, 0.091176, 0.094593, 0.097881, 0.101018, 0.103982, 0.106752, 0.109308, 0.111631, 0.113705, 0.115513, 0.117042, 0.118279, 0.119216, 0.119845, 0.120160, 0.120160, 0.119845, 0.119216, 0.118280, 0.117042, 0.115513, 0.113705, 0.111632, 0.109308, 0.106752, 0.103982, 0.101018, 0.097882, 0.094594, 0.091177, 0.087653, 0.084045, 0.080374, 0.076663, 0.072933, 0.069204, 0.065495, 0.061825, 0.058210, 0.054667, 0.051209, 0.047849, 0.044598, 0.041467, 0.038465, 0.035597, 0.032870, 0.030289, 0.027856, 0.025574, 0.023445, 0.021468, 0.019643, 0.017969, 0.016446, 0.015071, 0.013842, 0.012756, 0.011813, 0.011009, 0.010342, 0.009811, 0.009414, 0.009151, 0.009019
0.010121, 0.010269, 0.010565, 0.011010, 0.011606, 0.012354, 0.013256, 0.014315, 0.015533, 0.016912, 0.018455, 0.020165, 0.022043, 0.024090, 0.026309, 0.028699, 0.031259, 0.033989, 0.036886, 0.039946, 0.043164, 0.046533, 0.050047, 0.053694, 0.057464, 0.061345, 0.065322, 0.069378, 0.073497, 0.077659, 0.081843, 0.086029, 0.090193, 0.094312, 0.098361, 0.102315, 0.106150, 0.109839, 0.113359, 0.116685, 0.119793, 0.122662, 0.125269, 0.127596, 0.129625, 0.131340, 0.132729, 0.133780, 0.134486, 0.134840, 0.134840, 0.134486, 0.133780, 0.132729, 0.131340, 0.129625, 0.127596, 0.125269, 0.122662, 0.119793, 0.116685, 0.113359, 0.109839, 0.106150, 0.102315, 0.098361, 0.094312, 0.090193, 0.086029, 0.081843, 0.077659, 0.073497, 0.069378, 0.065322, 0.061345, 0.057465, 0.053694, 0.050047, 0.046534, 0.043164, 0.039946, 0.036886, 0.033989, 0.031259, 0.028699, 0.026309, 0.024090, 0.022043, 0.020165, 0.018455, 0.016912, 0.015533, 0.014315, 0.013256, 0.012354, 0.011606, 0.011010, 0.010565, 0.010269, 0.010121
0.011338, 0.011503, 0.011835, 0.012334, 0.013001, 0.013839, 0.014850, 0.016036, 0.017400, 0.018945, 0.020674, 0.022589, 0.024693, 0.026986, 0.029472, 0.032149, 0.035017, 0.038075, 0.041320, 0.044748, 0.048353, 0.052127, 0.056063, 0.060149, 0.064372, 0.068720, 0.073174, 0.077718, 0.082332, 0.086994, 0.091682, 0.096370, 0.101035, 0.105649, 0.110184, 0.114614, 0.118909, 0.123043, 0.126986, 0.130711, 0.134193, 0.137406, 0.140327, 0.142933, 0.145206, 0.147128, 0.148683, 0.149861, 0.150651, 0.151048, 0.151048, 0.150651, 0.149861, 0.148683, 0.147128, 0.145206, 0.142933, 0.140327, 0.137406, 0.134193, 0.130711, 0.126986, 0.123043, 0.118910, 0.114614, 0.110185, 0.105649, 0.101035, 0.096371, 0.091682, 0.086994, 0.082332, 0.077718, 0.073174, 0.068720, 0.064373, 0.060149, 0.056063, 0.052128, 0.048353, 0.044748, 0.041320, 0.038075, 0.035017, 0.032149, 0.029472, 0.026987, 0.024693, 0.022589, 0.020674, 0.018945, 0.017400, 0.016036, 0.014850, 0.013839, 0.013001, 0.012334, 0.011835, 0.011503, 0.011338
0.012674, 0.012859, 0.013229, 0.013787, 0.014533, 0.015470, 0.016600, 0.017925, 0.019450, 0.021178, 0.023110, 0.025251, 0.027602, 0.030166, 0.032944, 0.035937, 0.039143, 0.042562, 0.046189, 0.050020, 0.054050, 0.058269, 0.062669, 0.067236, 0.071957, 0.076816, 0.081796, 0.086875, 0.092032, 0.097243, 0.102483, 0.107725, 0.112939, 0.118096, 0.123166, 0.128117, 0.132919, 0.137539, 0.141946, 0.146110, 0.150002, 0.153594, 0.156859, 0.159772, 0.162313, 0.164461, 0.166200, 0.167516, 0.168399, 0.168843, 0.168843, 0.168399, 0.167516, 0.166200, 0.164461, 0.162313, 0.159772, 0.156859, 0.153594, 0.150003, 0.146111, 0.141946, 0.137539, 0.132919, 0.128118, 0.123166, 0.118096, 0.112939, 0.107725, 0.102484, 0.097244, 0.092032, 0.086875, 0.081796, 0.076817, 0.071957, 0.067236, 0.062669, 0.058270, 0.054050, 0.050021, 0.046189, 0.042562, 0.039143, 0.035937, 0.032944, 0.030166, 0.027602, 0.025251, 0.023110, 0.021178, 0.019450, 0.017925, 0.016600, 0.015470, 0.014533, 0.013787, 0.013230, 0.012859, 0.012674
0.014133, 0.014339, 0.014753, 0.015374, 0.016206, 0.017251, 0.018511, 0.019989, 0.021690, 0.023616, 0.025771, 0.028158, 0.030780, 0.033639, 0.036737, 0.040074, 0.043650, 0.047462, 0.051506, 0.055779, 0.060272, 0.064978, 0.069883, 0.074976, 0.080241, 0.085659, 0.091212, 0.096876, 0.102627, 0.108438, 0.114281, 0.120126, 0.125940, 0.131691, 0.137344, 0.142866, 0.148219, 0.153371, 0.158286, 0.162929, 0.167270, 0.171274, 0.174915, 0.178164, 0.180997, 0.183393, 0.185332, 0.186799, 0.187784, 0.188279, 0.188279, 0.187784, 0.186799, 0.185332, 0.183393, 0.180997, 0.178164, 0.174915, 0.171275, 0.167270, 0.162930, 0.158286, 0.153372, 0.148220, 0.142866, 0.137345, 0.131691, 0.125941, 0.120126, 0.114282, 0.108438, 0.102627, 0.096876, 0.091212, 0.085660, 0.080241, 0.074976, 0.069884, 0.064978, 0.060273, 0.055779, 0.051507, 0.047462, 0.043650, 0.040074, 0.036737, 0.033639, 0.030780, 0.028158, 0.025771, 0.023616, 0.021690, 0.019989, 0.018511, 0.017251, 0.016206, 0.015375, 0.014753, 0.014339, 0.014133
0.015719, 0.015948, 0.016408, 0.017100, 0.018025, 0.019187, 0.020588, 0.022232, 0.024124, 0.026266, 0.028663, 0.031318, 0.034234, 0.037414, 0.040859, 0.044571, 0.048547, 0.052787, 0.057286, 0.062038, 0.067035, 0.072268, 0.077724, 0.083388, 0.089244, 0.095270, 0.101446, 0.107745, 0.114141, 0.120604, 0.127103, 0.133603, 0.140070, 0.146466, 0.152753, 0.158893, 0.164848, 0.170578, 0.176044, 0.181209, 0.186036, 0.190490, 0.194539, 0.198153, 0.201303, 0.203967, 0.206124, 0.207757, 0.208852, 0.209402, 0.209402, 0.208852, 0.207757, 0.206124, 0.203968, 0.201304, 0.198153, 0.194539, 0.190490, 0.186036, 0.181209, 0.176044, 0.170578, 0.164848, 0.158894, 0.152753, 0.146466, 0.140070, 0.133604, 0.127103, 0.120605, 0.114142, 0.107745, 0.101446, 0.095271, 0.089244, 0.083389, 0.077724, 0.072268, 0.067035, 0.062038, 0.057286, 0.052787, 0.048548, 0.044571, 0.040860, 0.037414, 0.034234, 0.031318, 0.028663, 0.026266, 0.024124, 0.022232, 0.020588, 0.019187, 0.018025, 0.017100, 0.016408, 0.015949, 0.015719
0.017434, 0.017689, 0.018199, 0.018966, 0.019992, 0.021281, 0.022835, 0.024659, 0.026756, 0.029132, 0.031790, 0.034735, 0.037970, 0.041497, 0.045318, 0.049434, 0.053845, 0.058547, 0.063537, 0.068807, 0.074350, 0.080154, 0.086205, 0.092487, 0.098981, 0.105666, 0.112515, 0.119501, 0.126595, 0.133764, 0.140971, 0.148180, 0.155352, 0.162446, 0.169419, 0.176230, 0.182834, 0.189189, 0.195252, 0.200980, 0.206333, 0.211274, 0.215765, 0.219772, 0.223267, 0.226222, 0.228614, 0.230424, 0.231639, 0.232249, 0.232249, 0.231639, 0.230424, 0.228614, 0.226222, 0.223267, 0.219773, 0.215765, 0.211274, 0.206334, 0.200980, 0.195252, 0.189190, 0.182835, 0.176230, 0.169420, 0.162446, 0.155352, 0.148180, 0.140971, 0.133764, 0.126596, 0.119502, 0.112515, 0.105666, 0.098982, 0.092488, 0.086205, 0.080154, 0.074350, 0.068807, 0.063537, 0.058547, 0.053845, 0.049435, 0.045318, 0.041497, 0.037970, 0.034735, 0.031791, 0.029132, 0.026756, 0.024659, 0.022835, 0.021281, 0.019992, 0.018966, 0.018199, 0.017689, 0.017434
0.019281, 0.019563, 0.020127, 0.020975, 0.022110, 0.023535, 0.025254, 0.027271, 0.029591, 0.032218, 0.035158, 0.038415, 0.041992, 0.045892, 0.050118, 0.054671, 0.059548, 0.064748, 0.070266, 0.076095, 0.082225, 0.088643, 0.095335, 0.102283, 0.109465, 0.116857, 0.124432, 0.132158, 0.140003, 0.147930, 0.155901, 0.163874, 0.171805, 0.179650, 0.187363, 0.194895, 0.202198, 0.209226, 0.215931, 0.222266, 0.228186, 0.233650, 0.238616, 0.243048, 0.246913, 0.250181, 0.252826, 0.254828, 0.256172, 0.256846, 0.256846, 0.256172, 0.254828, 0.252826, 0.250181, 0.246913, 0.243049, 0.238616, 0.233650, 0.228187, 0.222266, 0.215931, 0.209227, 0.202199, 0.194895, 0.187363, 0.179651, 0.171806, 0.163874, 0.155902, 0.147931, 0.140004, 0.132159, 0.124432, 0.116857, 0.109466, 0.102284, 0.095336, 0.088644, 0.082225, 0.076095, 0.070267, 0.064749, 0.059549, 0.054671, 0.050119, 0.045892, 0.041992, 0.038415, 0.035158, 0.032218, 0.029591, 0.027271, 0.025254, 0.023535, 0.022110, 0.020975, 0.020127, 0.019563, 0.019281
0.021261, 0.021571, 0.022193, 0.023128, 0.024380, 0.025951, 0.027846, 0.030070, 0.032628, 0.035525, 0.038767, 0.042358, 0.046302, 0.050603, 0.055263, 0.060282, 0.065661, 0.071394, 0.077479, 0.083906, 0.090664, 0.097742, 0.105121, 0.112781, 0.120700, 0.128851, 0.137202, 0.145722, 0.154372, 0.163113, 0.171901, 0.180693, 0.189438, 0.198088, 0.206592, 0.214897, 0.222951, 0.230700, 0.238092, 0.245077, 0.251606, 0.257630, 0.263106, 0.267993, 0.272254, 0.275857, 0.278774, 0.280982, 0.282463, 0.283207, 0.283207, 0.282463, 0.280982, 0.278774, 0.275857, 0.272255, 0.267993, 0.263106, 0.257630, 0.251606, 0.245078, 0.238093, 0.230700, 0.222951, 0.214898, 0.206593, 0.198089, 0.189439, 0.180693, 0.171902, 0.163113, 0.154372, 0.145722, 0.137203, 0.128851, 0.120701, 0.112782, 0.105121, 0.097742, 0.090665, 0.083906, 0.077479, 0.071395, 0.065661, 0.060283, 0.055263, 0.050603, 0.046302, 0.042358, 0.038767, 0.035526, 0.032628, 0.030070, 0.027846, 0.025951, 0.024380, 0.023128, 0.022193, 0.021571, 0.021261
0.023373, 0.023714, 0.024398, 0.025426, 0.026801, 0.028529, 0.030612, 0.033057, 0.035869, 0.039054, 0.042617, 0.046565, 0.050901, 0.055629, 0.060751, 0.066269, 0.072181, 0.078485, 0.085173, 0.092238, 0.099668, 0.107448, 0.115560, 0.123981, 0.132686, 0.141646, 0.150827, 0.160192, 0.169701, 0.179310, 0.188972, 0.198636, 0.208250, 0.217759, 0.227107, 0.236237, 0.245090, 0.253608, 0.261735, 0.269414, 0.276590, 0.283212, 0.289232, 0.294605, 0.299289, 0.303250, 0.306456, 0.308883, 0.310512, 0.311329, 0.311329, 0.310512, 0.308883, 0.306456, 0.303250, 0.299289, 0.294605, 0.289233, 0.283213, 0.276590, 0.269414, 0.261735, 0.253609, 0.245090, 0.236237, 0.227108, 0.217759, 0.208250, 0.198636, 0.188972, 0.179311, 0.169702, 0.160193, 0.150827, 0.141646, 0.132687, 0.123981, 0.115560, 0.107449, 0.099669, 0.092239, 0.085174, 0.078485, 0.072182, 0.066270, 0.060752, 0.055629, 0.050901, 0.046565, 0.042618, 0.039054, 0.035869, 0.033057, 0.030612, 0.028529, 0.026801, 0.025426, 0.024398, 0.023714, 0.023373
0.025616, 0.025990, 0.026739, 0.027865, 0.029373, 0.031266, 0.033549, 0.036229, 0.039311, 0.042801, 0.046706, 0.051032, 0.055784, 0.060966, 0.066580, 0.072627, 0.079107, 0.086015, 0.093345, 0.101087, 0.109230, 0.117756, 0.126646, 0.135875, 0.145415, 0.155234, 0.165296, 0.175560, 0.185981, 0.196512, 0.207100, 0.217691, 0.228227, 0.238649, 0.248894, 0.258899, 0.268602, 0.277937, 0.286843, 0.295259, 0.303123, 0.310381, 0.316978, 0.322866, 0.328000, 0.332340, 0.335854, 0.338514, 0.340299, 0.341195, 0.341195, 0.340299, 0.338514, 0.335855, 0.332341, 0.328000, 0.322866, 0.316979, 0.310381, 0.303124, 0.295259, 0.286844, 0.277938, 0.268602, 0.258900, 0.248894, 0.238649, 0.228228, 0.217692, 0.207101, 0.196512, 0.185982, 0.175560, 0.165297, 0.155235, 0.145415, 0.135875, 0.126646, 0.117757, 0.109230, 0.101088, 0.093345, 0.086015, 0.079107, 0.072628, 0.066580, 0.060966, 0.055785, 0.051033, 0.046707, 0.042801, 0.039311, 0.036229, 0.033549, 0.031266, 0.029373, 0.027866, 0.026739, 0.025990, 0.025616
0.027987, 0.028395, 0.029214, 0.030445, 0.032092, 0.034160, 0.036655, 0.039582, 0.042949, 0.046762, 0.051029, 0.055756, 0.060947, 0.066608, 0.072742, 0.079349, 0.086428, 0.093975, 0.101983, 0.110442, 0.119338, 0.128653, 0.138365, 0.148448, 0.158872, 0.169599, 0.180592, 0.191806, 0.203192, 0.214697, 0.226265, 0.237836, 0.249347, 0.260733, 0.271926, 0.282857, 0.293457, 0.303656, 0.313387, 0.322581, 0.331173, 0.339102, 0.346310, 0.352743, 0.358351, 0.363094, 0.366933, 0.369838, 0.371789, 0.372768, 0.372768, 0.371789, 0.369839, 0.366933, 0.363094, 0.358352, 0.352743, 0.346310, 0.339103, 0.331174, 0.322581, 0.313387, 0.303657, 0.293458, 0.282857, 0.271926, 0.260733, 0.249348, 0.237837, 0.226265, 0.214697, 0.203192, 0.191807, 0.180593, 0.169600, 0.158872, 0.148449, 0.138366, 0.128654, 0.119339, 0.110443, 0.101984, 0.093975, 0.086428, 0.079349, 0.072742, 0.066609, 0.060947, 0.055756, 0.051029, 0.046763, 0.042949, 0.039582, 0.036655, 0.034160, 0.032092, 0.030445, 0.029214, 0.028395, 0.027987
0.030482, 0.030927, 0.031818, 0.033159, 0.034953, 0.037205, 0.039922, 0.043111, 0.046778, 0.050931, 0.055578, 0.060726, 0.066380, 0.072546, 0.079226, 0.086422, 0.094131, 0.102351, 0.111073, 0.120286, 0.129975, 0.140120, 0.150698, 0.161680, 0.173032, 0.184716, 0.196688, 0.208901, 0.221302, 0.233832, 0.246431, 0.259034, 0.271571, 0.283971, 0.296161, 0.308067, 0.319612, 0.330720, 0.341318, 0.351331, 0.360689, 0.369325, 0.377175, 0.384181, 0.390290, 0.395454, 0.399635, 0.402800, 0.404924, 0.405990, 0.405990, 0.404924, 0.402800, 0.399636, 0.395455, 0.390290, 0.384181, 0.377176, 0.369326, 0.360690, 0.351332, 0.341318, 0.330721, 0.319612, 0.308068, 0.296162, 0.283972, 0.271571, 0.259034, 0.246432, 0.233833, 0.221303, 0.208902, 0.196689, 0.184716, 0.173032, 0.161680, 0.150698, 0.140121, 0.129975, 0.120287, 0.111074, 0.102352, 0.094132, 0.086422, 0.079226, 0.072546, 0.066380, 0.060726, 0.055578, 0.050931, 0.046778, 0.043111, 0.039922, 0.037205, 0.034953, 0.033159, 0.031818, 0.030927, 0.030482
0.033095, 0.033578, 0.034546, 0.036002, 0.037949, 0.040395, 0.043345, 0.046806, 0.050788, 0.055297, 0.060342, 0.065931, 0.072070, 0.078764, 0.086017, 0.093829, 0.102200, 0.111124, 0.120594, 0.130596, 0.141115, 0.152130, 0.163614, 0.175537, 0.187863, 0.200548, 0.213547, 0.226806, 0.240270, 0.253874, 0.267553, 0.281235, 0.294847, 0.308310, 0.321545, 0.334471, 0.347005, 0.359065, 0.370571, 0.381442, 0.391603, 0.400979, 0.409501, 0.417108, 0.423740, 0.429347, 0.433886, 0.437322, 0.439628, 0.440786, 0.440786, 0.439629, 0.437323, 0.433887, 0.429347, 0.423740, 0.417108, 0.409502, 0.400979, 0.391603, 0.381443, 0.370572, 0.359066, 0.347006, 0.334471, 0.321546, 0.308310, 0.294847, 0.281236, 0.267553, 0.253875, 0.240270, 0.226807, 0.213548, 0.200549, 0.187863, 0.175538, 0.163615, 0.152131, 0.141116, 0.130596, 0.120594, 0.111125, 0.102201, 0.093830, 0.086017, 0.078765, 0.072071, 0.065932, 0.060343, 0.055297, 0.050788, 0.046807, 0.043345, 0.040395, 0.037950, 0.036002, 0.034546, 0.033578, 0.033095
0.035819, 0.036342, 0.037390, 0.038965, 0.041073, 0.043720, 0.046912, 0.050659, 0.054968, 0.059848, 0.065309, 0.071357, 0.078001, 0.085246, 0.093096, 0.101551, 0.110610, 0.120269, 0.130517, 0.141343, 0.152727, 0.164649, 0.177078, 0.189982, 0.203322, 0.217051, 0.231119, 0.245470, 0.260041, 0.274764, 0.289569, 0.304377, 0.319108, 0.333679, 0.348003, 0.361992, 0.375558, 0.388611, 0.401063, 0.412829, 0.423825, 0.433972, 0.443196, 0.451428, 0.458606, 0.464675, 0.469588, 0.473306, 0.475802, 0.477055, 0.477055, 0.475802, 0.473307, 0.469588, 0.464675, 0.458606, 0.451429, 0.443197, 0.433973, 0.423826, 0.412830, 0.401064, 0.388612, 0.375559, 0.361993, 0.348004, 0.333680, 0.319109, 0.304378, 0.289569, 0.274765, 0.260041, 0.245471, 0.231120, 0.217052, 0.203322, 0.189983, 0.177079, 0.164649, 0.152728, 0.141343, 0.130518, 0.120269, 0.110611, 0.101551, 0.093096, 0.085247, 0.078002, 0.071358, 0.065309, 0.059848, 0.054968, 0.050659, 0.046912, 0.043720, 0.041073, 0.038965, 0.037390, 0.036342, 0.035819
0.038645, 0.039209, 0.040339, 0.042039, 0.044313, 0.047168, 0.050613, 0.054655, 0.059303, 0.064569, 0.070460, 0.076986, 0.084154, 0.091970, 0.100438, 0.109560, 0.119334, 0.129754, 0.140810, 0.152490, 0.164773, 0.177634, 0.191044, 0.204965, 0.219357, 0.234169, 0.249346, 0.264828, 0.280548, 0.296433, 0.312405, 0.328381, 0.344274, 0.359994, 0.375447, 0.390540, 0.405175, 0.419257, 0.432691, 0.445384, 0.457248, 0.468195, 0.478146, 0.487027, 0.494771, 0.501318, 0.506619, 0.510631, 0.513323, 0.514674, 0.514675, 0.513323, 0.510631, 0.506619, 0.501319, 0.494772, 0.487028, 0.478147, 0.468196, 0.457248, 0.445385, 0.432692, 0.419258, 0.405176, 0.390541, 0.375448, 0.359995, 0.344275, 0.328382, 0.312406, 0.296434, 0.280549, 0.264829, 0.249347, 0.234169, 0.219358, 0.204966, 0.191045, 0.177635, 0.164773, 0.152490, 0.140811, 0.129754, 0.119334, 0.109561, 0.100439, 0.091970, 0.084154, 0.076986, 0.070460, 0.064569, 0.059304, 0.054655, 0.050613, 0.047169, 0.044313, 0.042039, 0.040339, 0.039209, 0.038645
0.041561, 0.042168, 0.043383, 0.045211, 0.047657, 0.050728, 0.054432, 0.058779, 0.063778, 0.069441, 0.075776, 0.082794, 0.090503, 0.098909, 0.108016, 0.117826, 0.128337, 0.139543, 0.151434, 0.163994, 0.177204, 0.191036, 0.205457, 0.220429, 0.235906, 0.251835, 0.268157, 0.284808, 0.301713, 0.318796, 0.335973, 0.353154, 0.370246, 0.387152, 0.403771, 0.420002, 0.435741, 0.450885, 0.465332, 0.478983, 0.491741, 0.503514, 0.514216, 0.523767, 0.532095, 0.539136, 0.544836, 0.549151, 0.552046, 0.553500, 0.553500, 0.552046, 0.549151, 0.544837, 0.539136, 0.532096, 0.523768, 0.514217, 0.503515, 0.491742, 0.478984, 0.465333, 0.450886, 0.435742, 0.420003, 0.403772, 0.387153, 0.370247, 0.353155, 0.335974, 0.318797, 0.301714, 0.284809, 0.268158, 0.251836, 0.235907, 0.220430, 0.205458, 0.191037, 0.177205, 0.163995, 0.151435, 0.139544, 0.128338, 0.117827, 0.108017, 0.098909, 0.090504, 0.082795, 0.075777, 0.069441, 0.063779, 0.058779, 0.054432, 0.050728, 0.047657, 0.045211, 0.043383, 0.042168, 0.041561
0.044555, 0.045206, 0.046509, 0.048468, 0.051090, 0.054382, 0.058353, 0.063013, 0.068373, 0.074443, 0.081235, 0.088758, 0.097022, 0.106033, 0.115796, 0.126313, 0.137581, 0.149594, 0.162342, 0.175807, 0.189968, 0.204795, 0.220255, 0.236306, 0.252897, 0.269973, 0.287471, 0.305321, 0.323444, 0.341757, 0.360171, 0.378589, 0.396912, 0.415035, 0.432851, 0.450250, 0.467123, 0.483358, 0.498846, 0.513479, 0.527156, 0.539777, 0.551250, 0.561489, 0.570416, 0.577964, 0.584075, 0.588700, 0.591804, 0.593362, 0.593362, 0.591804, 0.588700, 0.584075, 0.577965, 0.570417, 0.561489, 0.551250, 0.539778, 0.527157, 0.513480, 0.498846, 0.483359, 0.467124, 0.450251, 0.432852, 0.415036, 0.396913, 0.378590, 0.360172, 0.341758, 0.323445, 0.305322, 0.287472, 0.269974, 0.252898, 0.236307, 0.220256, 0.204796, 0.189968, 0.175808, 0.162342, 0.149595, 0.137582, 0.126314, 0.115797, 0.106034, 0.097023, 0.088759, 0.081235, 0.074444, 0.068373, 0.063014, 0.058354, 0.054382, 0.051090, 0.048468, 0.046509, 0.045206, 0.044555
0.047613, 0.048308, 0.049701, 0.051795, 0.054597, 0.058114, 0.062358, 0.067338, 0.073065, 0.079552, 0.086810, 0.094849, 0.103680, 0.113309, 0.123742, 0.134980, 0.147021, 0.159859, 0.173481, 0.187870, 0.203002, 0.218847, 0.235368, 0.252519, 0.270249, 0.288496, 0.307195, 0.326269, 0.345635, 0.365205, 0.384882, 0.404563, 0.424143, 0.443510, 0.462548, 0.481141, 0.499171, 0.516519, 0.533070, 0.548707, 0.563322, 0.576809, 0.589069, 0.600010, 0.609550, 0.617616, 0.624146, 0.629088, 0.632405, 0.634070, 0.634070, 0.632405, 0.629088, 0.624146, 0.617616, 0.609550, 0.600010, 0.589069, 0.576810, 0.563323, 0.548708, 0.533071, 0.516520, 0.499172, 0.481142, 0.462549, 0.443511, 0.424144, 0.404565, 0.384883, 0.365206, 0.345637, 0.326270, 0.307196, 0.288498, 0.270250, 0.252520, 0.235369, 0.218848, 0.203003, 0.187871, 0.173482, 0.159859, 0.147022, 0.134981, 0.123743, 0.113310, 0.103680, 0.094850, 0.086810, 0.079552, 0.073065, 0.067338, 0.062358, 0.058115, 0.054597, 0.051795, 0.049701, 0.048308, 0.047613
0.050719, 0.051459, 0.052942, 0.055173, 0.058157, 0.061905, 0.066425, 0.071729, 0.077830, 0.084740, 0.092471, 0.101034, 0.110441, 0.120698, 0.131811, 0.143782, 0.156608, 0.170283, 0.184793, 0.200120, 0.216239, 0.233117, 0.250715, 0.268984, 0.287870, 0.307308, 0.327225, 0.347543, 0.368172, 0.389017, 0.409977, 0.430941, 0.451798, 0.472427, 0.492706, 0.512511, 0.531716, 0.550196, 0.567825, 0.584483, 0.600051, 0.614417, 0.627475, 0.639129, 0.649291, 0.657883, 0.664839, 0.670103, 0.673637, 0.675410, 0.675410, 0.673637, 0.670104, 0.664839, 0.657884, 0.649292, 0.639130, 0.627476, 0.614417, 0.600051, 0.584484, 0.567826, 0.550197, 0.531717, 0.512512, 0.492707, 0.472428, 0.451799, 0.430943, 0.409978, 0.389019, 0.368173, 0.347544, 0.327226, 0.307309, 0.287871, 0.268986, 0.250716, 0.233118, 0.216240, 0.200121, 0.184794, 0.170284, 0.156609, 0.143782, 0.131812, 0.120699, 0.110442, 0.101035, 0.092471, 0.084740, 0.077830, 0.071730, 0.066425, 0.061905, 0.058158, 0.055173, 0.052942, 0.051459, 0.050719
0.053854, 0.054641, 0.056215, 0.058584, 0.061753, 0.065732, 0.070531, 0.076163, 0.082641, 0.089978, 0.098187, 0.107280, 0.117267, 0.128158, 0.139958, 0.152669, 0.166288, 0.180807, 0.196215, 0.212489, 0.229604, 0.247525, 0.266210, 0.285609, 0.305661, 0.326300, 0.347449, 0.369021, 0.390925, 0.413059, 0.435314, 0.457574, 0.479719, 0.501622, 0.523154, 0.544184, 0.564576, 0.584197, 0.602916, 0.620603, 0.637133, 0.652386, 0.666252, 0.678626, 0.689416, 0.698538, 0.705924, 0.711514, 0.715265, 0.717148, 0.717148, 0.715265, 0.711514, 0.705924, 0.698539, 0.689416, 0.678627, 0.666252, 0.652387, 0.637133, 0.620604, 0.602917, 0.584198, 0.564577, 0.544185, 0.523155, 0.501624, 0.479720, 0.457575, 0.435315, 0.413060, 0.390926, 0.369023, 0.347450, 0.326302, 0.305663, 0.285610, 0.266211, 0.247526, 0.229605, 0.212490, 0.196216, 0.180808, 0.166289, 0.152669, 0.139959, 0.128158, 0.117268, 0.107280, 0.098187, 0.089978, 0.082642, 0.076164, 0.070531, 0.065732, 0.061753, 0.058584, 0.056216, 0.054641, 0.053854
0.057001, 0.057833, 0.059500, 0.062007, 0.065361, 0.069572, 0.074652, 0.080613, 0.087469, 0.095234, 0.103922, 0.113546, 0.124117, 0.135644, 0.148133, 0.161586, 0.176001, 0.191369, 0.207676, 0.224901, 0.243016, 0.261983, 0.281760, 0.302291, 0.323515, 0.345359, 0.367743, 0.390575, 0.413758, 0.437184, 0.460739, 0.484299, 0.507737, 0.530920, 0.553709, 0.575967, 0.597550, 0.618317, 0.638129, 0.656848, 0.674343, 0.690487, 0.705163, 0.718260, 0.729680, 0.739335, 0.747151, 0.753068, 0.757038, 0.759031, 0.759031, 0.757039, 0.753068, 0.747152, 0.739335, 0.729680, 0.718260, 0.705163, 0.690488, 0.674344, 0.656849, 0.638130, 0.618318, 0.597551, 0.575968, 0.553711, 0.530921, 0.507738, 0.484300, 0.460740, 0.437186, 0.413760, 0.390577, 0.367744, 0.345361, 0.323516, 0.302293, 0.281761, 0.261984, 0.243017, 0.224902, 0.207677, 0.191370, 0.176002, 0.161587, 0.148134, 0.135645, 0.124118, 0.113547, 0.103923, 0.095235, 0.087470, 0.080613, 0.074652, 0.069572, 0.065361, 0.062007, 0.059500, 0.057833, 0.057001
0.060139, 0.061016, 0.062775, 0.065420, 0.068958, 0.073401, 0.078760, 0.085050, 0.092283, 0.100475, 0.109641, 0.119795, 0.130947, 0.143108, 0.156285, 0.170478, 0.185686, 0.201900, 0.219104, 0.237276, 0.256387, 0.276399, 0.297263, 0.318924, 0.341315, 0.364361, 0.387976, 0.412065, 0.436523, 0.461238, 0.486088, 0.510944, 0.535672, 0.560130, 0.584174, 0.607655, 0.630425, 0.652335, 0.673236, 0.692986, 0.711443, 0.728475, 0.743958, 0.757775, 0.769823, 0.780010, 0.788256, 0.794498, 0.798687, 0.800790, 0.800790, 0.798687, 0.794499, 0.788257, 0.780010, 0.769824, 0.757776, 0.743959, 0.728476, 0.711444, 0.692987, 0.673238, 0.652336, 0.630427, 0.607656, 0.584175, 0.560131, 0.535673, 0.510946, 0.486090, 0.461240, 0.436525, 0.412066, 0.387978, 0.364363, 0.341317, 0.318926, 0.297265, 0.276400, 0.256389, 0.237277, 0.219105, 0.201901, 0.185687, 0.170479, 0.156286, 0.143109, 0.130948, 0.119796, 0.109642, 0.100476, 0.092283, 0.085050, 0.078761, 0.073402, 0.068959, 0.065420, 0.062775, 0.061016, 0.060139
0.063245, 0.064169, 0.066018, 0.068799, 0.072521, 0.077193, 0.082829, 0.089443, 0.097050, 0.105665, 0.115304, 0.125982, 0.137710, 0.150500, 0.164357, 0.179283, 0.195276, 0.212327, 0.230419, 0.249530, 0.269628, 0.290673, 0.312615, 0.335394, 0.358942, 0.383178, 0.408012, 0.433344, 0.459066, 0.485056, 0.511189, 0.537329, 0.563333, 0.589054, 0.614339, 0.639033, 0.662979, 0.686020, 0.708001, 0.728769, 0.748179, 0.766091, 0.782373, 0.796904, 0.809574, 0.820287, 0.828959, 0.835523, 0.839928, 0.842139, 0.842139, 0.839928, 0.835523, 0.828959, 0.820287, 0.809575, 0.796905, 0.782374, 0.766092, 0.748181, 0.728770, 0.708002, 0.686021, 0.662980, 0.639035, 0.614341, 0.589056, 0.563335, 0.537331, 0.511191, 0.485058, 0.459067, 0.433346, 0.408013, 0.383179, 0.358943, 0.335396, 0.312616, 0.290675, 0.269630, 0.249532, 0.230421, 0.212328, 0.195277, 0.179284, 0.164358, 0.150501, 0.137711, 0.125983, 0.115305, 0.105666, 0.097050, 0.089443, 0.082829, 0.077193, 0.072521, 0.068799, 0.066018, 0.064169, 0.063245
0.066300, 0.067267, 0.069206, 0.072122, 0.076023, 0.080920, 0.086828, 0.093761, 0.101735, 0.110767, 0.120871, 0.132064, 0.144359, 0.157766, 0.172292, 0.187939, 0.204704, 0.222577, 0.241543, 0.261576, 0.282644, 0.304705, 0.327705, 0.351584, 0.376268, 0.401674, 0.427706, 0.454262, 0.481224, 0.508469, 0.535863, 0.563265, 0.590524, 0.617486, 0.643991, 0.669877, 0.694978, 0.719131, 0.742172, 0.763943, 0.784290, 0.803066, 0.820134, 0.835366, 0.848648, 0.859877, 0.868967, 0.875848, 0.880466, 0.882784, 0.882784, 0.880466, 0.875849, 0.868968, 0.859877, 0.848648, 0.835367, 0.820135, 0.803067, 0.784292, 0.763945, 0.742174, 0.719132, 0.694980, 0.669878, 0.643993, 0.617488, 0.590526, 0.563266, 0.535865, 0.508471, 0.481226, 0.454263, 0.427708, 0.401675, 0.376270, 0.351586, 0.327707, 0.304706, 0.282645, 0.261577, 0.241544, 0.222578, 0.204705, 0.187940, 0.172293, 0.157767, 0.144360, 0.132065, 0.120872, 0.110767, 0.101736, 0.093762, 0.086829, 0.080921, 0.076023, 0.072122, 0.069206, 0.067268, 0.066300
0.069278, 0.070290, 0.072315, 0.075362, 0.079438, 0.084556, 0.090729, 0.097973, 0.106305, 0.115742, 0.126300, 0.137996, 0.150842, 0.164851, 0.180030, 0.196379, 0.213897, 0.232573, 0.252390, 0.273323, 0.295337, 0.318388, 0.342422, 0.367373, 0.393165, 0.419711, 0.446913, 0.474660, 0.502833, 0.531302, 0.559926, 0.588557, 0.617040, 0.645213, 0.672908, 0.699956, 0.726184, 0.751421, 0.775497, 0.798245, 0.819506, 0.839125, 0.856958, 0.872874, 0.886752, 0.898485, 0.907984, 0.915174, 0.919999, 0.922421, 0.922421, 0.919999, 0.915174, 0.907984, 0.898486, 0.886752, 0.872875, 0.856959, 0.839126, 0.819507, 0.798247, 0.775498, 0.751423, 0.726186, 0.699957, 0.672910, 0.645215, 0.617042, 0.588559, 0.559927, 0.531303, 0.502835, 0.474662, 0.446914, 0.419713, 0.393167, 0.367375, 0.342423, 0.318390, 0.295339, 0.273325, 0.252392, 0.232574, 0.213898, 0.196380, 0.180031, 0.164852, 0.150843, 0.137996, 0.126301, 0.115742, 0.106306, 0.097974, 0.090729, 0.084556, 0.079438, 0.075362, 0.072315, 0.070290, 0.069278
0.072158, 0.073211, 0.075321, 0.078494, 0.082740, 0.088070, 0.094500, 0.102045, 0.110723, 0.120552, 0.131549, 0.143730, 0.157111, 0.171702, 0.187511, 0.204540, 0.222786, 0.242238, 0.262878, 0.284681, 0.307609, 0.331618, 0.356650, 0.382638, 0.409501, 0.437150, 0.465482, 0.494382, 0.523725, 0.553376, 0.583189, 0.613010, 0.642677, 0.672019, 0.700865, 0.729036, 0.756354, 0.782640, 0.807715, 0.831408, 0.853552, 0.873985, 0.892560, 0.909137, 0.923591, 0.935811, 0.945704, 0.953193, 0.958218, 0.960741, 0.960741, 0.958219, 0.953193, 0.945705, 0.935812, 0.923591, 0.909138, 0.892561, 0.873986, 0.853553, 0.831410, 0.807717, 0.782641, 0.756356, 0.729038, 0.700867, 0.672021, 0.642678, 0.613012, 0.583191, 0.553378, 0.523727, 0.494383, 0.465483, 0.437152, 0.409503, 0.382639, 0.356652, 0.331620, 0.307611, 0.284682, 0.262879, 0.242239, 0.222787, 0.204541, 0.187512, 0.171703, 0.157112, 0.143731, 0.131549, 0.120553, 0.110724, 0.102046, 0.094500, 0.088071, 0.082740, 0.078494, 0.075321, 0.073212, 0.072158
0.074916, 0.076010, 0.078200, 0.081494, 0.085902, 0.091436, 0.098111, 0.105945, 0.114954, 0.125158, 0.136575, 0.149222, 0.163114, 0.178263, 0.194676, 0.212355, 0.231298, 0.251493, 0.272921, 0.295557, 0.319361, 0.344287, 0.370275, 0.397255, 0.425145, 0.453850, 0.483263, 0.513267, 0.543731, 0.574515, 0.605467, 0.636427, 0.667226, 0.697690, 0.727637, 0.756884, 0.785245, 0.812534, 0.838568, 0.863165, 0.886154, 0.907368, 0.926652, 0.943862, 0.958868, 0.971555, 0.981826, 0.989600, 0.994817, 0.997436, 0.997436, 0.994817, 0.989600, 0.981826, 0.971556, 0.958868, 0.943863, 0.926653, 0.907369, 0.886156, 0.863167, 0.838569, 0.812536, 0.785247, 0.756886, 0.727639, 0.697691, 0.667228, 0.636428, 0.605469, 0.574517, 0.543733, 0.513269, 0.483265, 0.453852, 0.425147, 0.397257, 0.370277, 0.344289, 0.319363, 0.295558, 0.272923, 0.251494, 0.231299, 0.212356, 0.194677, 0.178264, 0.163115, 0.149223, 0.136576, 0.125159, 0.114955, 0.105945, 0.098112, 0.091436, 0.085902, 0.081494, 0.078200, 0.076010, 0.074916
0.077529, 0.078661, 0.080928, 0.084337, 0.088898, 0.094625, 0.101533, 0.109639, 0.118963, 0.129523, 0.141338, 0.154426, 0.168802, 0.184479, 0.201464, 0.219759, 0.239362, 0.260261, 0.282437, 0.305861, 0.330496, 0.356290, 0.383184, 0.411105, 0.439966, 0.469672, 0.500110, 0.531160, 0.562686, 0.594542, 0.626573, 0.658612, 0.690485, 0.722010, 0.753001, 0.783267, 0.812617, 0.840857, 0.867797, 0.893252, 0.917042, 0.938995, 0.958951, 0.976760, 0.992289, 1.005418, 1.016047, 1.024092, 1.029491, 1.032202, 1.032202, 1.029491, 1.024092, 1.016047, 1.005419, 0.992290, 0.976761, 0.958952, 0.938997, 0.917043, 0.893254, 0.867799, 0.840858, 0.812618, 0.783269, 0.753003, 0.722012, 0.690487, 0.658614, 0.626575, 0.594544, 0.562688, 0.531162, 0.500112, 0.469673, 0.439968, 0.411106, 0.383186, 0.356292, 0.330497, 0.305863, 0.282438, 0.260262, 0.239363, 0.219760, 0.201465, 0.184480, 0.168803, 0.154427, 0.141338, 0.129523, 0.118963, 0.109640, 0.101533, 0.094625, 0.088898, 0.084337, 0.080928, 0.078661, 0.077529
0.079975, 0.081143, 0.083481, 0.086997, 0.091702, 0.097610, 0.104736, 0.113097, 0.122715, 0.133607, 0.145795, 0.159296, 0.174126, 0.190297, 0.207817, 0.226689, 0.246910, 0.268468, 0.291343, 0.315506, 0.340917, 0.367524, 0.395266, 0.424067, 0.453838, 0.484480, 0.515878, 0.547906, 0.580426, 0.613287, 0.646327, 0.679376, 0.712254, 0.744772, 0.776740, 0.807961, 0.838235, 0.867365, 0.895154, 0.921412, 0.945951, 0.968596, 0.989180, 1.007550, 1.023569, 1.037112, 1.048076, 1.056375, 1.061944, 1.064739, 1.064739, 1.061944, 1.056375, 1.048076, 1.037113, 1.023570, 1.007552, 0.989181, 0.968597, 0.945952, 0.921413, 0.895156, 0.867367, 0.838237, 0.807962, 0.776742, 0.744774, 0.712255, 0.679378, 0.646329, 0.613289, 0.580428, 0.547908, 0.515880, 0.484482, 0.453840, 0.424069, 0.395268, 0.367526, 0.340918, 0.315507, 0.291344, 0.268469, 0.246911, 0.226691, 0.207818, 0.190298, 0.174127, 0.159297, 0.145796, 0.133608, 0.122715, 0.113098, 0.104736, 0.097610, 0.091703, 0.086997, 0.083481, 0.081143, 0.079975
0.082233, 0.083433, 0.085837, 0.089452, 0.094290, 0.100364, 0.107691, 0.116288, 0.126177, 0.137377, 0.149909, 0.163790, 0.179038, 0.195665, 0.213680, 0.233084, 0.253875, 0.276041, 0.299561, 0.324406, 0.350533, 0.377891, 0.406415, 0.436028, 0.466639, 0.498145, 0.530428, 0.563359, 0.596796, 0.630584, 0.664556, 0.698536, 0.732341, 0.765777, 0.798646, 0.830746, 0.861874, 0.891825, 0.920398, 0.947396, 0.972627, 0.995910, 1.017074, 1.035963, 1.052433, 1.066358, 1.077631, 1.086164, 1.091890, 1.094764, 1.094765, 1.091890, 1.086164, 1.077631, 1.066359, 1.052434, 1.035964, 1.017076, 0.995911, 0.972628, 0.947397, 0.920400, 0.891827, 0.861876, 0.830748, 0.798648, 0.765779, 0.732343, 0.698538, 0.664558, 0.630586, 0.596798, 0.563362, 0.530430, 0.498146, 0.466641, 0.436030, 0.406417, 0.377893, 0.350535, 0.324407, 0.299563, 0.276043, 0.253877, 0.233086, 0.213681, 0.195666, 0.179039, 0.163791, 0.149909, 0.137378, 0.126178, 0.116289, 0.107691, 0.100365, 0.094291, 0.089453, 0.085837, 0.083433, 0.082233
0.084281, 0.085511, 0.087975, 0.091680, 0.096638, 0.102864, 0.110372, 0.119184, 0.129319, 0.140798, 0.153641, 0.167868, 0.183496, 0.200537, 0.218999, 0.238887, 0.260195, 0.282913, 0.307018, 0.332481, 0.359258, 0.387297, 0.416531, 0.446881, 0.478253, 0.510543, 0.543629, 0.577381, 0.611649, 0.646277, 0.681095, 0.715921, 0.750567, 0.784834, 0.818521, 0.851420, 0.883323, 0.914019, 0.943302, 0.970971, 0.996829, 1.020692, 1.042384, 1.061742, 1.078621, 1.092893, 1.104447, 1.113192, 1.119061, 1.122007, 1.122007, 1.119061, 1.113192, 1.104447, 1.092894, 1.078622, 1.061743, 1.042385, 1.020693, 0.996831, 0.970973, 0.943304, 0.914021, 0.883325, 0.851422, 0.818523, 0.784836, 0.750569, 0.715923, 0.681097, 0.646279, 0.611651, 0.577383, 0.543631, 0.510545, 0.478255, 0.446882, 0.416533, 0.387299, 0.359260, 0.332482, 0.307020, 0.282914, 0.260197, 0.238888, 0.219001, 0.200538, 0.183497, 0.167869, 0.153642, 0.140798, 0.129319, 0.119185, 0.110373, 0.102864, 0.096639, 0.091681, 0.087975, 0.085511, 0.084281
0.086101, 0.087358, 0.089875, 0.093660, 0.098725, 0.105085, 0.112755, 0.121757, 0.132111, 0.143837, 0.156958, 0.171492, 0.187457, 0.204866, 0.223727, 0.244044, 0.265812, 0.289019, 0.313645, 0.339657, 0.367012, 0.395656, 0.425521, 0.456525, 0.488575, 0.521561, 0.555361, 0.589841, 0.624849, 0.660224, 0.695792, 0.731370, 0.766763, 0.801770, 0.836184, 0.869793, 0.902383, 0.933741, 0.963656, 0.991921, 1.018338, 1.042715, 1.064874, 1.084650, 1.101894, 1.116474, 1.128277, 1.137211, 1.143206, 1.146216, 1.146216, 1.143207, 1.137211, 1.128277, 1.116475, 1.101895, 1.084651, 1.064876, 1.042716, 1.018339, 0.991923, 0.963658, 0.933743, 0.902385, 0.869795, 0.836186, 0.801772, 0.766765, 0.731372, 0.695794, 0.660226, 0.624851, 0.589843, 0.555363, 0.521563, 0.488577, 0.456527, 0.425523, 0.395658, 0.367014, 0.339659, 0.313647, 0.289021, 0.265813, 0.244045, 0.223728, 0.204867, 0.187458, 0.171493, 0.156959, 0.143838, 0.132111, 0.121758, 0.112756, 0.105085, 0.098726, 0.093661, 0.089875, 0.087358, 0.086101
0.087677, 0.088956, 0.091519, 0.095374, 0.100532, 0.107007, 0.114818, 0.123984, 0.134527, 0.146468, 0.159829, 0.174629, 0.190886, 0.208612, 0.227818, 0.248506, 0.270672, 0.294304, 0.319380, 0.345867, 0.373723, 0.402890, 0.433300, 0.464871, 0.497506, 0.531096, 0.565514, 0.600623, 0.636271, 0.672293, 0.708512, 0.744740, 0.780779, 0.816426, 0.851469, 0.885692, 0.918878, 0.950809, 0.981270, 1.010052, 1.036951, 1.061774, 1.084338, 1.104476, 1.122034, 1.136881, 1.148899, 1.157997, 1.164102, 1.167167, 1.167167, 1.164102, 1.157997, 1.148900, 1.136882, 1.122035, 1.104477, 1.084339, 1.061775, 1.036952, 1.010053, 0.981272, 0.950811, 0.918880, 0.885694, 0.851471, 0.816428, 0.780782, 0.744742, 0.708514, 0.672295, 0.636273, 0.600625, 0.565516, 0.531098, 0.497508, 0.464873, 0.433302, 0.402892, 0.373725, 0.345869, 0.319382, 0.294306, 0.270674, 0.248508, 0.227819, 0.208614, 0.190887, 0.174630, 0.159830, 0.146469, 0.134528, 0.123985, 0.114818, 0.107007, 0.100532, 0.095374, 0.091520, 0.088956, 0.087677
0.088992, 0.090291, 0.092892, 0.096805, 0.102040, 0.108612, 0.116540, 0.125844, 0.136545, 0.148665, 0.162226, 0.177248, 0.193748, 0.211741, 0.231234, 0.252232, 0.274731, 0.298717, 0.324168, 0.351053, 0.379326, 0.408930, 0.439796, 0.471840, 0.504964, 0.539057, 0.573991, 0.609626, 0.645809, 0.682370, 0.719132, 0.755902, 0.792482, 0.828663, 0.864231, 0.898967, 0.932650, 0.965059, 0.995977, 1.025190, 1.052492, 1.077686, 1.100589, 1.121030, 1.138852, 1.153920, 1.166119, 1.175352, 1.181548, 1.184660, 1.184660, 1.181549, 1.175353, 1.166119, 1.153921, 1.138853, 1.121031, 1.100590, 1.077688, 1.052493, 1.025191, 0.995979, 0.965061, 0.932652, 0.898969, 0.864233, 0.828665, 0.792485, 0.755904, 0.719134, 0.682373, 0.645811, 0.609628, 0.573993, 0.539059, 0.504966, 0.471842, 0.439798, 0.408932, 0.379327, 0.351055, 0.324170, 0.298718, 0.274732, 0.252234, 0.231236, 0.211742, 0.193749, 0.177249, 0.162227, 0.148666, 0.136546, 0.125845, 0.116541, 0.108612, 0.102040, 0.096805, 0.092893, 0.090291, 0.088992
0.090035, 0.091349, 0.093981, 0.097939, 0.103235, 0.109885, 0.117905, 0.127318, 0.138145, 0.150407, 0.164127, 0.179324, 0.196018, 0.214221, 0.233942, 0.255186, 0.277948, 0.302215, 0.327964, 0.355163, 0.383767, 0.413718, 0.444945, 0.477364, 0.510876, 0.545368, 0.580710, 0.616763, 0.653369, 0.690358, 0.727550, 0.764751, 0.801759, 0.838364, 0.874348, 0.909490, 0.943568, 0.976356, 1.007635, 1.037190, 1.064813, 1.090302, 1.113474, 1.134153, 1.152184, 1.167429, 1.179770, 1.189111, 1.195380, 1.198528, 1.198528, 1.195380, 1.189111, 1.179770, 1.167430, 1.152185, 1.134154, 1.113475, 1.090304, 1.064815, 1.037192, 1.007637, 0.976358, 0.943570, 0.909492, 0.874350, 0.838366, 0.801762, 0.764753, 0.727552, 0.690361, 0.653371, 0.616765, 0.580712, 0.545370, 0.510878, 0.477366, 0.444947, 0.413720, 0.383769, 0.355165, 0.327966, 0.302216, 0.277949, 0.255188, 0.233944, 0.214222, 0.196019, 0.179325, 0.164128, 0.150408, 0.138145, 0.127319, 0.117906, 0.109885, 0.103236, 0.097939, 0.093981, 0.091349, 0.090035
0.090795, 0.092120, 0.094774, 0.098765, 0.104106, 0.110812, 0.118901, 0.128393, 0.139311, 0.151676, 0.165512, 0.180838, 0.197672, 0.216028, 0.235916, 0.257339, 0.280292, 0.304764, 0.330731, 0.358159, 0.387004, 0.417207, 0.448698, 0.481390, 0.515184, 0.549966, 0.585607, 0.621964, 0.658878, 0.696179, 0.733684, 0.771199, 0.808519, 0.845432, 0.881720, 0.917159, 0.951524, 0.984589, 1.016132, 1.045938, 1.073795, 1.099502, 1.122866, 1.143721, 1.161904, 1.177277, 1.189720, 1.199140, 1.205461, 1.208636, 1.208636, 1.205461, 1.199141, 1.189721, 1.177278, 1.161905, 1.143723, 1.122867, 1.099504, 1.073797, 1.045940, 1.016134, 0.984591, 0.951526, 0.917161, 0.881723, 0.845435, 0.808522, 0.771202, 0.733687, 0.696182, 0.658881, 0.621966, 0.585609, 0.549968, 0.515186, 0.481392, 0.448700, 0.417209, 0.387006, 0.358161, 0.330732, 0.304765, 0.280294, 0.257340, 0.235917, 0.216029, 0.197673, 0.180839, 0.165513, 0.151677, 0.139311, 0.128393, 0.118901, 0.110812, 0.104107, 0.098766, 0.094774, 0.092120, 0.090795
0.091265, 0.092596, 0.095264, 0.099276, 0.104645, 0.111385, 0.119516, 0.129057, 0.140031, 0.152461, 0.166368, 0.181773, 0.198694, 0.217145, 0.237136, 0.258669, 0.281741, 0.306339, 0.332440, 0.360010, 0.389003, 0.419363, 0.451016, 0.483877, 0.517846, 0.552808, 0.588634, 0.625177, 0.662283, 0.699776, 0.737475, 0.775183, 0.812697, 0.849800, 0.886276, 0.921899, 0.956441, 0.989678, 1.021385, 1.051347, 1.079349, 1.105186, 1.128672, 1.149634, 1.167910, 1.183363, 1.195871, 1.205339, 1.211694, 1.214883, 1.214883, 1.211695, 1.205339, 1.195871, 1.183364, 1.167912, 1.149635, 1.128674, 1.105188, 1.079350, 1.051349, 1.021386, 0.989680, 0.956443, 0.921901, 0.886279, 0.849803, 0.812699, 0.775186, 0.737478, 0.699779, 0.662285, 0.625180, 0.588636, 0.552810, 0.517848, 0.483879, 0.451018, 0.419365, 0.389005, 0.360012, 0.332441, 0.306341, 0.281742, 0.258670, 0.237137, 0.217146, 0.198695, 0.181774, 0.166369, 0.152462, 0.140032, 0.129058, 0.119516, 0.111386, 0.104645, 0.099277, 0.095264, 0.092597, 0.091265
0.091439, 0.092773, 0.095447, 0.099466, 0.104845, 0.111599, 0.119745, 0.129304, 0.140299, 0.152753, 0.166686, 0.182120, 0.199073, 0.217560, 0.237589, 0.259163, 0.282279, 0.306924, 0.333074, 0.360697, 0.389746, 0.420164, 0.451877, 0.484802, 0.518836, 0.553864, 0.589759, 0.626373, 0.663549, 0.701114, 0.738885, 0.776664, 0.814249, 0.851424, 0.887969, 0.923659, 0.958267, 0.991568, 1.023337, 1.053353, 1.081407, 1.107293, 1.130824, 1.151825, 1.170135, 1.185616, 1.198150, 1.207636, 1.214002, 1.217198, 1.217198, 1.214002, 1.207636, 1.198150, 1.185617, 1.170136, 1.151826, 1.130825, 1.107295, 1.081409, 1.053355, 1.023339, 0.991570, 0.958269, 0.923661, 0.887971, 0.851426, 0.814252, 0.776666, 0.738888, 0.701117, 0.663551, 0.626376, 0.589761, 0.553866, 0.518838, 0.484804, 0.451879, 0.420166, 0.389748, 0.360699, 0.333076, 0.306925, 0.282280, 0.259164, 0.237590, 0.217561, 0.199075, 0.182121, 0.166687, 0.152754, 0.140300, 0.129305, 0.119745, 0.111599, 0.104846, 0.099467, 0.095447, 0.092774, 0.091439
0.091317, 0.092650, 0.095319, 0.099333, 0.104705, 0.111449, 0.119585, 0.129131, 0.140112, 0.152548, 0.166463, 0.181877, 0.198807, 0.217268, 0.237270, 0.258815, 0.281901, 0.306512, 0.332628, 0.360213, 0.389224, 0.419600, 0.451272, 0.484152, 0.518140, 0.553123, 0.588971, 0.625536, 0.662661, 0.700176, 0.737894, 0.775623, 0.813156, 0.850280, 0.886775, 0.922416, 0.956978, 0.990233, 1.021959, 1.051936, 1.079949, 1.105802, 1.129300, 1.150272, 1.168558, 1.184018, 1.196534, 1.206007, 1.212364, 1.215556, 1.215556, 1.212365, 1.206007, 1.196534, 1.184019, 1.168559, 1.150273, 1.129302, 1.105803, 1.079951, 1.051937, 1.021961, 0.990235, 0.956980, 0.922418, 0.886777, 0.850282, 0.813158, 0.775626, 0.737897, 0.700178, 0.662664, 0.625538, 0.588973, 0.553125, 0.518142, 0.484154, 0.451274, 0.419602, 0.389226, 0.360215, 0.332629, 0.306514, 0.281902, 0.258817, 0.237271, 0.217269, 0.198808, 0.181878, 0.166464, 0.152549, 0.140112, 0.129132, 0.119585, 0.111450, 0.104706, 0.099334, 0.095319, 0.092650, 0.091317
0.090899, 0.092225, 0.094883, 0.098879, 0.104226, 0.110939, 0.119037, 0.128540, 0.139470, 0.151850, 0.165701, 0.181043, 0.197896, 0.216273, 0.236183, 0.257630, 0.280609, 0.305108, 0.331104, 0.358563, 0.387441, 0.417678, 0.449205, 0.481936, 0.515769, 0.550591, 0.586273, 0.622669, 0.659624, 0.696965, 0.734510, 0.772065, 0.809425, 0.846378, 0.882705, 0.918182, 0.952585, 0.985687, 1.017267, 1.047105, 1.074991, 1.100723, 1.124114, 1.144989, 1.163191, 1.178580, 1.191038, 1.200468, 1.206796, 1.209972, 1.209972, 1.206796, 1.200468, 1.191038, 1.178581, 1.163192, 1.144990, 1.124115, 1.100724, 1.074992, 1.047107, 1.017269, 0.985689, 0.952587, 0.918184, 0.882707, 0.846380, 0.809428, 0.772068, 0.734513, 0.696968, 0.659626, 0.622672, 0.586275, 0.550594, 0.515771, 0.481938, 0.449207, 0.417680, 0.387443, 0.358564, 0.331105, 0.305109, 0.280610, 0.257631, 0.236184, 0.216274, 0.197897, 0.181044, 0.165701, 0.151850, 0.139471, 0.128541, 0.119038, 0.110940, 0.104226, 0.098879, 0.094883, 0.092226, 0.090899
0.090189, 0.091505, 0.094141, 0.098106, 0.103412, 0.110073, 0.118107, 0.127536, 0.138380, 0.150663, 0.164406, 0.179628, 0.196349, 0.214582, 0.234337, 0.255615, 0.278415, 0.302723, 0.328515, 0.355761, 0.384413, 0.414415, 0.445695, 0.478169, 0.511738, 0.546288, 0.581689, 0.617800, 0.654464, 0.691513, 0.728764, 0.766025, 0.803092, 0.839755, 0.875797, 0.910996, 0.945129, 0.977972, 1.009304, 1.038908, 1.066575, 1.092106, 1.115314, 1.136025, 1.154084, 1.169352, 1.181713, 1.191069, 1.197348, 1.200499, 1.200499, 1.197348, 1.191069, 1.181714, 1.169353, 1.154086, 1.136026, 1.115315, 1.092108, 1.066577, 1.038910, 1.009306, 0.977974, 0.945131, 0.910998, 0.875799, 0.839757, 0.803095, 0.766027, 0.728767, 0.691516, 0.654467, 0.617803, 0.581691, 0.546290, 0.511740, 0.478172, 0.445697, 0.414417, 0.384415, 0.355763, 0.328517, 0.302724, 0.278417, 0.255617, 0.234338, 0.214584, 0.196350, 0.179629, 0.164406, 0.150664, 0.138381, 0.127536, 0.118108, 0.110073, 0.103412, 0.098107, 0.094142, 0.091505, 0.090189
0.089193, 0.090495, 0.093102, 0.097024, 0.102270, 0.108858, 0.116804, 0.126128, 0.136853, 0.149000, 0.162590, 0.177645, 0.194181, 0.212213, 0.231749, 0.252793, 0.275341, 0.299381, 0.324889, 0.351833, 0.380169, 0.409840, 0.440774, 0.472888, 0.506086, 0.540253, 0.575262, 0.610974, 0.647233, 0.683872, 0.720711, 0.757559, 0.794216, 0.830473, 0.866116, 0.900926, 0.934681, 0.967161, 0.998146, 1.027423, 1.054784, 1.080032, 1.102983, 1.123465, 1.141324, 1.156424, 1.168647, 1.177900, 1.184108, 1.187225, 1.187225, 1.184108, 1.177900, 1.168648, 1.156424, 1.141325, 1.123466, 1.102984, 1.080033, 1.054785, 1.027424, 0.998148, 0.967163, 0.934683, 0.900928, 0.866119, 0.830476, 0.794219, 0.757562, 0.720713, 0.683875, 0.647236, 0.610976, 0.575265, 0.540255, 0.506088, 0.472890, 0.440776, 0.409841, 0.380171, 0.351835, 0.324891, 0.299382, 0.275343, 0.252795, 0.231750, 0.212214, 0.194182, 0.177646, 0.162591, 0.149000, 0.136853, 0.126129, 0.116804, 0.108858, 0.102271, 0.097024, 0.093103, 0.090495, 0.089194
0.087922, 0.089205, 0.091775, 0.095640, 0.100812, 0.107306, 0.115138, 0.124330, 0.134901, 0.146875, 0.160272, 0.175112, 0.191412, 0.209187, 0.228445, 0.249189, 0.271416, 0.295113, 0.320257, 0.346817, 0.374748, 0.403994, 0.434486, 0.466143, 0.498866, 0.532545, 0.567055, 0.602257, 0.637998, 0.674113, 0.710426, 0.746748, 0.782881, 0.818621, 0.853755, 0.888067, 0.921341, 0.953356, 0.983898, 1.012756, 1.039726, 1.064614, 1.087237, 1.107427, 1.125031, 1.139915, 1.151964, 1.161085, 1.167205, 1.170277, 1.170278, 1.167206, 1.161085, 1.151965, 1.139916, 1.125033, 1.107429, 1.087239, 1.064616, 1.039728, 1.012758, 0.983900, 0.953358, 0.921343, 0.888069, 0.853757, 0.818623, 0.782884, 0.746751, 0.710428, 0.674116, 0.638000, 0.602259, 0.567057, 0.532547, 0.498868, 0.466145, 0.434488, 0.403996, 0.374750, 0.346818, 0.320259, 0.295114, 0.271417, 0.249190, 0.228446, 0.209188, 0.191413, 0.175113, 0.160273, 0.146876, 0.134902, 0.124331, 0.115139, 0.107306, 0.100813, 0.095641, 0.091775, 0.089205, 0.087922
0.086387, 0.087647, 0.090172, 0.093970, 0.099052, 0.105431, 0.113127, 0.122158, 0.132545, 0.144309, 0.157472, 0.172052, 0.188068, 0.205532, 0.224454, 0.244836, 0.266675, 0.289958, 0.314663, 0.340758, 0.368200, 0.396935, 0.426894, 0.457996, 0.490146, 0.523237, 0.557143, 0.591729, 0.626845, 0.662329, 0.698007, 0.733693, 0.769195, 0.804309, 0.838828, 0.872541, 0.905231, 0.936687, 0.966695, 0.995048, 1.021546, 1.045999, 1.068226, 1.088062, 1.105359, 1.119982, 1.131821, 1.140782, 1.146795, 1.149814, 1.149814, 1.146796, 1.140782, 1.131822, 1.119983, 1.105360, 1.088064, 1.068228, 1.046000, 1.021548, 0.995049, 0.966696, 0.936688, 0.905233, 0.872543, 0.838831, 0.804311, 0.769197, 0.733696, 0.698009, 0.662331, 0.626847, 0.591731, 0.557145, 0.523239, 0.490149, 0.457998, 0.426896, 0.396937, 0.368202, 0.340759, 0.314664, 0.289960, 0.266676, 0.244837, 0.224455, 0.205533, 0.188069, 0.172053, 0.157473, 0.144310, 0.132546, 0.122159, 0.113128, 0.105432, 0.099052, 0.093970, 0.090173, 0.087647, 0.086387
0.084601, 0.085836, 0.088309, 0.092028, 0.097004, 0.103252, 0.110789, 0.119633, 0.129805, 0.141326, 0.154217, 0.168496, 0.184180, 0.201283, 0.219814, 0.239775, 0.261163, 0.283964, 0.308158, 0.333713, 0.360587, 0.388727, 0.418066, 0.448524, 0.480010, 0.512415, 0.545620, 0.579490, 0.613880, 0.648630, 0.683569, 0.718517, 0.753284, 0.787672, 0.821476, 0.854491, 0.886505, 0.917309, 0.946696, 0.974462, 1.000412, 1.024359, 1.046126, 1.065552, 1.082491, 1.096812, 1.108405, 1.117181, 1.123070, 1.126026, 1.126026, 1.123070, 1.117181, 1.108406, 1.096813, 1.082492, 1.065554, 1.046127, 1.024360, 1.000414, 0.974464, 0.946697, 0.917311, 0.886507, 0.854493, 0.821478, 0.787674, 0.753286, 0.718520, 0.683571, 0.648632, 0.613882, 0.579493, 0.545622, 0.512417, 0.480012, 0.448526, 0.418068, 0.388729, 0.360589, 0.333714, 0.308159, 0.283966, 0.261164, 0.239776, 0.219815, 0.201284, 0.184181, 0.168497, 0.154218, 0.141327, 0.129806, 0.119634, 0.110790, 0.103253, 0.097005, 0.092028, 0.088309, 0.085836, 0.084601
0.082583, 0.083788, 0.086202, 0.089832, 0.094690, 0.100789, 0.108145, 0.116778, 0.126708, 0.137953, 0.150536, 0.164474, 0.179784, 0.196479, 0.214567, 0.234052, 0.254930, 0.277186, 0.300802, 0.325747, 0.351979, 0.379447, 0.408085, 0.437816, 0.468549, 0.500180, 0.532592, 0.565654, 0.599222, 0.633141, 0.667246, 0.701360, 0.735296, 0.768862, 0.801859, 0.834085, 0.865334, 0.895402, 0.924087, 0.951190, 0.976520, 0.999894, 1.021142, 1.040104, 1.056638, 1.070617, 1.081934, 1.090500, 1.096248, 1.099133, 1.099133, 1.096248, 1.090500, 1.081934, 1.070618, 1.056639, 1.040105, 1.021143, 0.999896, 0.976521, 0.951191, 0.924089, 0.895404, 0.865336, 0.834087, 0.801861, 0.768864, 0.735298, 0.701362, 0.667249, 0.633144, 0.599224, 0.565656, 0.532594, 0.500182, 0.468551, 0.437818, 0.408087, 0.379449, 0.351981, 0.325749, 0.300804, 0.277188, 0.254931, 0.234054, 0.214569, 0.196480, 0.179785, 0.164475, 0.150537, 0.137954, 0.126708, 0.116779, 0.108146, 0.100789, 0.094690, 0.089832, 0.086202, 0.083788, 0.082583
0.080349, 0.081522, 0.083870, 0.087402, 0.092129, 0.098062, 0.105220, 0.113620, 0.123280, 0.134222, 0.146464, 0.160025, 0.174921, 0.191164, 0.208763, 0.227720, 0.248032, 0.269687, 0.292664, 0.316933, 0.342455, 0.369180, 0.397042, 0.425968, 0.455869, 0.486644, 0.518178, 0.550345, 0.583004, 0.616006, 0.649188, 0.682377, 0.715395, 0.748052, 0.780156, 0.811509, 0.841912, 0.871166, 0.899074, 0.925443, 0.950087, 0.972828, 0.993501, 1.011950, 1.028036, 1.041637, 1.052647, 1.060981, 1.066573, 1.069381, 1.069381, 1.066574, 1.060981, 1.052647, 1.041637, 1.028037, 1.011951, 0.993502, 0.972830, 0.950088, 0.925444, 0.899075, 0.871168, 0.841914, 0.811511, 0.780158, 0.748054, 0.715397, 0.682379, 0.649190, 0.616008, 0.583007, 0.550347, 0.518180, 0.486646, 0.455871, 0.425970, 0.397044, 0.369181, 0.342457, 0.316935, 0.292665, 0.269688, 0.248034, 0.227722, 0.208764, 0.191165, 0.174922, 0.160026, 0.146465, 0.134222, 0.123281, 0.113620, 0.105221, 0.098063, 0.092129, 0.087403, 0.083870, 0.081522, 0.080349
0.077921, 0.079058, 0.081335, 0.084761, 0.089344, 0.095098, 0.102040, 0.110185, 0.119554, 0.130164, 0.142036, 0.155187, 0.169633, 0.185385, 0.202452, 0.220836, 0.240534, 0.261533, 0.283815, 0.307350, 0.332101, 0.358016, 0.385036, 0.413087, 0.442084, 0.471928, 0.502508, 0.533701, 0.565373, 0.597377, 0.629554, 0.661740, 0.693759, 0.725428, 0.756561, 0.786965, 0.816449, 0.844817, 0.871881, 0.897452, 0.921350, 0.943404, 0.963451, 0.981341, 0.996941, 1.010130, 1.020807, 1.028889, 1.034313, 1.037035, 1.037035, 1.034313, 1.028890, 1.020808, 1.010131, 0.996942, 0.981342, 0.963452, 0.943405, 0.921352, 0.897453, 0.871882, 0.844819, 0.816450, 0.786967, 0.756562, 0.725430, 0.693761, 0.661742, 0.629556, 0.597379, 0.565375, 0.533703, 0.502510, 0.471929, 0.442086, 0.413089, 0.385038, 0.358018, 0.332102, 0.307352, 0.283816, 0.261535, 0.240535, 0.220837, 0.202453, 0.185386, 0.169633, 0.155188, 0.142037, 0.130165, 0.119554, 0.110186, 0.102040, 0.095099, 0.089344, 0.084761, 0.081336, 0.079058, 0.077921
0.075319, 0.076418, 0.078619, 0.081930, 0.086360, 0.091923, 0.098632, 0.106505, 0.115561, 0.125817, 0.137293, 0.150004, 0.163967, 0.179192, 0.195689, 0.213459, 0.232499, 0.252797, 0.274334, 0.297083, 0.321006, 0.346056, 0.372173, 0.399287, 0.427314, 0.456160, 0.485719, 0.515870, 0.546483, 0.577417, 0.608519, 0.639630, 0.670578, 0.701189, 0.731281, 0.760670, 0.789167, 0.816588, 0.842747, 0.867463, 0.890563, 0.911879, 0.931256, 0.948549, 0.963627, 0.976375, 0.986695, 0.994507, 0.999750, 1.002381, 1.002381, 0.999750, 0.994508, 0.986696, 0.976376, 0.963628, 0.948550, 0.931257, 0.911880, 0.890564, 0.867465, 0.842748, 0.816590, 0.789169, 0.760671, 0.731283, 0.701191, 0.670580, 0.639632, 0.608521, 0.577419, 0.546485, 0.515872, 0.485720, 0.456162, 0.427316, 0.399288, 0.372175, 0.346058, 0.321008, 0.297084, 0.274335, 0.252798, 0.232500, 0.213461, 0.195690, 0.179193, 0.163968, 0.150005, 0.137293, 0.125818, 0.115561, 0.106506, 0.098632, 0.091923, 0.086361, 0.081930, 0.078619, 0.076418, 0.075319
0.072565, 0.073624, 0.075745, 0.078935, 0.083203, 0.088562, 0.095026, 0.102612, 0.111336, 0.121217, 0.132273, 0.144520, 0.157972, 0.172640, 0.188534, 0.205654, 0.223997, 0.243552, 0.264302, 0.286219, 0.309267, 0.333401, 0.358563, 0.384684, 0.411686, 0.439478, 0.467955, 0.497003, 0.526496, 0.556299, 0.586264, 0.616236, 0.646052, 0.675543, 0.704534, 0.732848, 0.760303, 0.786720, 0.811922, 0.835734, 0.857989, 0.878525, 0.897193, 0.913853, 0.928379, 0.940662, 0.950604, 0.958130, 0.963181, 0.965716, 0.965716, 0.963181, 0.958131, 0.950605, 0.940662, 0.928380, 0.913854, 0.897194, 0.878527, 0.857990, 0.835736, 0.811924, 0.786722, 0.760305, 0.732849, 0.704536, 0.675545, 0.646054, 0.616238, 0.586266, 0.556300, 0.526498, 0.497005, 0.467956, 0.439479, 0.411688, 0.384686, 0.358564, 0.333403, 0.309269, 0.286221, 0.264304, 0.243554, 0.223998, 0.205655, 0.188535, 0.172641, 0.157972, 0.144520, 0.132274, 0.121218, 0.111337, 0.102612, 0.095027, 0.088563, 0.083204, 0.078935, 0.075746, 0.073624, 0.072566
0.069684, 0.070701, 0.072738, 0.075801, 0.079899, 0.085045, 0.091253, 0.098537, 0.106915, 0.116403, 0.127020, 0.138780, 0.151698, 0.165784, 0.181046, 0.197486, 0.215100, 0.233878, 0.253804, 0.274850, 0.296983, 0.320157, 0.344319, 0.369403, 0.395332, 0.422019, 0.449365, 0.477259, 0.505581, 0.534199, 0.562973, 0.591754, 0.620386, 0.648705, 0.676545, 0.703733, 0.730097, 0.755465, 0.779665, 0.802531, 0.823901, 0.843622, 0.861548, 0.877546, 0.891495, 0.903289, 0.912836, 0.920063, 0.924913, 0.927348, 0.927348, 0.924913, 0.920064, 0.912837, 0.903289, 0.891496, 0.877547, 0.861549, 0.843623, 0.823903, 0.802533, 0.779667, 0.755466, 0.730099, 0.703734, 0.676546, 0.648707, 0.620388, 0.591756, 0.562975, 0.534201, 0.505582, 0.477261, 0.449367, 0.422021, 0.395334, 0.369405, 0.344321, 0.320159, 0.296984, 0.274851, 0.253805, 0.233879, 0.215101, 0.197487, 0.181047, 0.165785, 0.151698, 0.138781, 0.127021, 0.116404, 0.106915, 0.098537, 0.091253, 0.085046, 0.079900, 0.075801, 0.072738, 0.070701, 0.069684
0.066698, 0.067671, 0.069621, 0.072552, 0.076475, 0.081401, 0.087342, 0.094314, 0.102333, 0.111415, 0.121576, 0.132832, 0.145196, 0.158678, 0.173285, 0.189021, 0.205879, 0.223853, 0.242924, 0.263068, 0.284252, 0.306433, 0.329559, 0.353567, 0.378385, 0.403928, 0.430101, 0.456798, 0.483906, 0.511297, 0.538837, 0.566385, 0.593789, 0.620894, 0.647539, 0.673562, 0.698796, 0.723076, 0.746238, 0.768124, 0.788577, 0.807452, 0.824609, 0.839921, 0.853272, 0.864560, 0.873698, 0.880615, 0.885257, 0.887587, 0.887587, 0.885257, 0.880616, 0.873699, 0.864561, 0.853273, 0.839922, 0.824610, 0.807453, 0.788579, 0.768125, 0.746240, 0.723077, 0.698797, 0.673563, 0.647541, 0.620895, 0.593790, 0.566387, 0.538839, 0.511299, 0.483907, 0.456800, 0.430102, 0.403929, 0.378387, 0.353569, 0.329560, 0.306434, 0.284253, 0.263069, 0.242925, 0.223854, 0.205881, 0.189022, 0.173286, 0.158679, 0.145196, 0.132833, 0.121577, 0.111415, 0.102333, 0.094314, 0.087342, 0.081401, 0.076476, 0.072553, 0.069621, 0.067671, 0.066698
0.063631, 0.064559, 0.066419, 0.069216, 0.072958, 0.077657, 0.083325, 0.089976, 0.097626, 0.106290, 0.115984, 0.126722, 0.138517, 0.151379, 0.165314, 0.180325, 0.196408, 0.213555, 0.231748, 0.250966, 0.271175, 0.292336, 0.314398, 0.337302, 0.360977, 0.385345, 0.410313, 0.435783, 0.461643, 0.487773, 0.514047, 0.540326, 0.566470, 0.592327, 0.617747, 0.642572, 0.666644, 0.689807, 0.711904, 0.732782, 0.752295, 0.770301, 0.786668, 0.801276, 0.814012, 0.824781, 0.833499, 0.840097, 0.844525, 0.846748, 0.846748, 0.844526, 0.840098, 0.833499, 0.824782, 0.814013, 0.801277, 0.786669, 0.770302, 0.752296, 0.732783, 0.711905, 0.689808, 0.666646, 0.642573, 0.617748, 0.592329, 0.566471, 0.540328, 0.514048, 0.487775, 0.461644, 0.435784, 0.410315, 0.385346, 0.360979, 0.337303, 0.314399, 0.292337, 0.271176, 0.250967, 0.231749, 0.213556, 0.196409, 0.180326, 0.165315, 0.151380, 0.138518, 0.126723, 0.115985, 0.106291, 0.097627, 0.089977, 0.083325, 0.077657, 0.072958, 0.069216, 0.066419, 0.064559, 0.063631
0.060505, 0.061388, 0.063156, 0.065816, 0.069375, 0.073843, 0.079232, 0.085556, 0.092830, 0.101069, 0.110287, 0.120497, 0.131712, 0.143942, 0.157192, 0.171466, 0.186759, 0.203063, 0.220362, 0.238635, 0.257852, 0.277973, 0.298951, 0.320729, 0.343241, 0.366411, 0.390153, 0.414371, 0.438960, 0.463806, 0.488788, 0.513777, 0.538635, 0.563223, 0.587393, 0.610998, 0.633887, 0.655912, 0.676923, 0.696775, 0.715328, 0.732450, 0.748013, 0.761902, 0.774013, 0.784252, 0.792542, 0.798816, 0.803026, 0.805140, 0.805140, 0.803027, 0.798816, 0.792542, 0.784253, 0.774013, 0.761903, 0.748014, 0.732451, 0.715329, 0.696776, 0.676924, 0.655913, 0.633889, 0.610999, 0.587395, 0.563224, 0.538637, 0.513779, 0.488790, 0.463808, 0.438961, 0.414372, 0.390154, 0.366413, 0.343243, 0.320730, 0.298952, 0.277974, 0.257853, 0.238636, 0.220363, 0.203064, 0.186760, 0.171466, 0.157193, 0.143943, 0.131713, 0.120498, 0.110287, 0.101070, 0.092831, 0.085557, 0.079232, 0.073843, 0.069375, 0.065816, 0.063157, 0.061388, 0.060505
0.057345, 0.058181, 0.059857, 0.062378, 0.065751, 0.069985, 0.075093, 0.081087, 0.087981, 0.095789, 0.104525, 0.114202, 0.124831, 0.136422, 0.148979, 0.162506, 0.177000, 0.192452, 0.208848, 0.226166, 0.244378, 0.263448, 0.283330, 0.303970, 0.325306, 0.347265, 0.369766, 0.392718, 0.416022, 0.439570, 0.463247, 0.486930, 0.510489, 0.533791, 0.556698, 0.579069, 0.600763, 0.621636, 0.641549, 0.660364, 0.677948, 0.694174, 0.708924, 0.722087, 0.733565, 0.743269, 0.751125, 0.757072, 0.761062, 0.763065, 0.763065, 0.761062, 0.757072, 0.751126, 0.743270, 0.733566, 0.722088, 0.708925, 0.694175, 0.677949, 0.660365, 0.641550, 0.621637, 0.600764, 0.579071, 0.556700, 0.533793, 0.510491, 0.486931, 0.463248, 0.439572, 0.416024, 0.392720, 0.369768, 0.347267, 0.325307, 0.303971, 0.283331, 0.263449, 0.244379, 0.226167, 0.208849, 0.192453, 0.177001, 0.162507, 0.148980, 0.136422, 0.124832, 0.114202, 0.104526, 0.095789, 0.087981, 0.081087, 0.075093, 0.069985, 0.065751, 0.062378, 0.059858, 0.058181, 0.057345
0.054171, 0.054961, 0.056544, 0.058925, 0.062111, 0.066112, 0.070937, 0.076599, 0.083111, 0.090487, 0.098739, 0.107880, 0.117921, 0.128870, 0.140732, 0.153510, 0.167201, 0.181798, 0.197285, 0.213645, 0.230849, 0.248862, 0.267644, 0.287141, 0.307296, 0.328039, 0.349294, 0.370976, 0.392989, 0.415234, 0.437599, 0.459970, 0.482225, 0.504237, 0.525876, 0.547009, 0.567501, 0.587218, 0.606029, 0.623801, 0.640412, 0.655739, 0.669673, 0.682107, 0.692949, 0.702116, 0.709537, 0.715154, 0.718924, 0.720816, 0.720816, 0.718924, 0.715155, 0.709538, 0.702117, 0.692950, 0.682108, 0.669673, 0.655740, 0.640413, 0.623802, 0.606030, 0.587219, 0.567502, 0.547010, 0.525877, 0.504239, 0.482226, 0.459972, 0.437601, 0.415235, 0.392991, 0.370977, 0.349296, 0.328041, 0.307297, 0.287143, 0.267645, 0.248863, 0.230850, 0.213646, 0.197286, 0.181799, 0.167202, 0.153511, 0.140733, 0.128870, 0.117922, 0.107881, 0.098740, 0.090487, 0.083111, 0.076599, 0.070937, 0.066112, 0.062112, 0.058926, 0.056545, 0.054961, 0.054171
0.051005, 0.051749, 0.053240, 0.055481, 0.058481, 0.062247, 0.066790, 0.072121, 0.078253, 0.085197, 0.092967, 0.101574, 0.111028, 0.121336, 0.132505, 0.144536, 0.157426, 0.171169, 0.185752, 0.201154, 0.217352, 0.234313, 0.251996, 0.270354, 0.289330, 0.308861, 0.328873, 0.349287, 0.370013, 0.390957, 0.412014, 0.433077, 0.454031, 0.474756, 0.495129, 0.515026, 0.534321, 0.552885, 0.570596, 0.587329, 0.602968, 0.617400, 0.630518, 0.642225, 0.652433, 0.661064, 0.668051, 0.673340, 0.676889, 0.678671, 0.678671, 0.676889, 0.673340, 0.668052, 0.661065, 0.652434, 0.642226, 0.630519, 0.617401, 0.602969, 0.587330, 0.570596, 0.552886, 0.534322, 0.515028, 0.495131, 0.474757, 0.454032, 0.433079, 0.412016, 0.390958, 0.370014, 0.349288, 0.328874, 0.308862, 0.289331, 0.270355, 0.251997, 0.234314, 0.217353, 0.201155, 0.185753, 0.171170, 0.157427, 0.144536, 0.132506, 0.121337, 0.111028, 0.101575, 0.092968, 0.085198, 0.078253, 0.072122, 0.066791, 0.062248, 0.058481, 0.055482, 0.053240, 0.051749, 0.051005
0.047866, 0.048564, 0.049963, 0.052067, 0.054882, 0.058416, 0.062680, 0.067683, 0.073437, 0.079954, 0.087246, 0.095322, 0.104194, 0.113868, 0.124349, 0.135639, 0.147736, 0.160633, 0.174318, 0.188772, 0.203973, 0.219890, 0.236484, 0.253712, 0.271520, 0.289848, 0.308629, 0.327786, 0.347236, 0.366890, 0.386652, 0.406418, 0.426082, 0.445530, 0.464650, 0.483322, 0.501428, 0.518850, 0.535470, 0.551173, 0.565850, 0.579393, 0.591703, 0.602690, 0.612270, 0.620369, 0.626926, 0.631889, 0.635220, 0.636891, 0.636891, 0.635220, 0.631889, 0.626926, 0.620370, 0.612270, 0.602691, 0.591704, 0.579394, 0.565850, 0.551174, 0.535471, 0.518851, 0.501429, 0.483323, 0.464651, 0.445532, 0.426083, 0.406419, 0.386653, 0.366892, 0.347237, 0.327787, 0.308630, 0.289849, 0.271521, 0.253713, 0.236485, 0.219891, 0.203974, 0.188773, 0.174318, 0.160633, 0.147737, 0.135640, 0.124350, 0.113869, 0.104195, 0.095323, 0.087246, 0.079954, 0.073437, 0.067683, 0.062680, 0.058417, 0.054882, 0.052067, 0.049963, 0.048564, 0.047866
0.044773, 0.045426, 0.046734, 0.048702, 0.051335, 0.054641, 0.058629, 0.063309, 0.068691, 0.074787, 0.081607, 0.089162, 0.097460, 0.106509, 0.116312, 0.126872, 0.138187, 0.150250, 0.163050, 0.176570, 0.190788, 0.205676, 0.221198, 0.237312, 0.253969, 0.271113, 0.288679, 0.306598, 0.324791, 0.343175, 0.361659, 0.380147, 0.398540, 0.416731, 0.434615, 0.452080, 0.469015, 0.485311, 0.500857, 0.515545, 0.529272, 0.541940, 0.553455, 0.563731, 0.572691, 0.580267, 0.586400, 0.591042, 0.594158, 0.595721, 0.595721, 0.594158, 0.591043, 0.586400, 0.580268, 0.572692, 0.563732, 0.553455, 0.541941, 0.529273, 0.515546, 0.500857, 0.485312, 0.469016, 0.452081, 0.434616, 0.416733, 0.398541, 0.380148, 0.361660, 0.343176, 0.324792, 0.306599, 0.288681, 0.271114, 0.253971, 0.237313, 0.221199, 0.205677, 0.190789, 0.176571, 0.163050, 0.150251, 0.138188, 0.126873, 0.116313, 0.106509, 0.097461, 0.089162, 0.081607, 0.074787, 0.068691, 0.063309, 0.058629, 0.054641, 0.051336, 0.048702, 0.046734, 0.045426, 0.044773
0.041742, 0.042351, 0.043571, 0.045405, 0.047860, 0.050942, 0.054660, 0.059023, 0.064041, 0.069724, 0.076082, 0.083125, 0.090862, 0.099298, 0.108438, 0.118283, 0.128831, 0.140077, 0.152010, 0.164614, 0.177870, 0.191750, 0.206221, 0.221244, 0.236773, 0.252756, 0.269133, 0.285838, 0.302800, 0.319938, 0.337171, 0.354407, 0.371554, 0.388514, 0.405186, 0.421469, 0.437257, 0.452449, 0.466942, 0.480636, 0.493434, 0.505244, 0.515979, 0.525559, 0.533913, 0.540976, 0.546693, 0.551021, 0.553926, 0.555383, 0.555383, 0.553926, 0.551021, 0.546694, 0.540976, 0.533913, 0.525560, 0.515979, 0.505244, 0.493435, 0.480637, 0.466943, 0.452450, 0.437258, 0.421470, 0.405187, 0.388515, 0.371555, 0.354408, 0.337172, 0.319940, 0.302801, 0.285839, 0.269134, 0.252757, 0.236774, 0.221245, 0.206222, 0.191751, 0.177871, 0.164615, 0.152010, 0.140077, 0.128832, 0.118283, 0.108438, 0.099298, 0.090862, 0.083126, 0.076083, 0.069724, 0.064041, 0.059023, 0.054660, 0.050942, 0.047860, 0.045405, 0.043571, 0.042351, 0.041742
